1024
0
0
0
0
0
1
15 67 66
1
16 70 68
0
1
24 119 119
1
17 76 75
1
17 77 75
0
0
0
0
1
70 64 30
1
72 66 34
0
0
1
71 65 34
1
78 72 38
1
20 101 103
0
0
0
1
23 119 121
1
23 122 124
0
1
32 150 149
0
1
22 114 116
1
30 141 140
0
0
1
50 157 138
0
0
0
1
56 54 38
1
71 66 40
1
79 73 46
1
52 160 141
1
50 158 138
0
0
0
0
0
0
1
20 98 98
1
24 92 91
0
1
19 104 107
0
0
1
240 239 237
0
1
19 121 128
1
18 115 122
0
1
34 137 128
1
24 146 153
0
1
57 65 51
0
1
23 91 91
1
22 103 103
1
21 115 119
0
0
0
0
1
218 217 214
0
0
0
0
0
0
1
93 87 53
1
95 89 55
0
1
76 74 53
1
98 92 58
0
1
44 160 150
0
1
69 65 46
0
0
1
65 165 137
1
114 108 74
1
112 106 72
0
1
67 162 136
1
108 102 68
1
110 104 70
1
44 149 135
0
0
0
0
0
0
0
0
0
0
1
113 107 73
0
0
1
113 107 73
1
112 106 72
1
20 106 109
0
1
43 53 52
1
19 109 114
0
0
1
254 254 254
0
0
0
0
1
255 255 255
0
1
250 249 248
0
0
1
30 131 125
0
1
242 154 0
0
1
24 146 152
1
24 146 152
1
24 148 155
0
1
38 153 149
0
1
50 48 35
0
0
1
21 111 113
1
21 119 124
1
33 41 41
0
0
1
231 231 228
0
0
0
0
1
233 232 230
1
223 223 219
0
0
0
0
0
0
0
0
0
0
0
1
60 163 135
0
0
0
1
183 177 167
1
169 180 170
0
0
0
1
61 166 138
0
1
82 84 61
1
60 165 136
0
1
79 75 54
0
0
0
0
0
0
1
106 101 69
1
91 85 51
0
1
44 161 151
0
1
53 51 36
0
1
61 167 139
0
1
74 70 50
0
1
63 170 142
1
63 163 135
0
0
1
80 77 56
0
1
87 84 61
1
82 77 55
0
0
0
1
46 146 131
0
1
249 150 10
1
254 139 21
1
248 147 9
1
59 164 134
1
65 163 129
0
1
66 165 132
0
0
1
250 129 25
0
0
0
0
0
0
1
202 197 187
0
0
0
1
254 135 19
1
254 140 21
1
254 138 21
0
1
253 137 21
0
0
0
0
0
0
1
117 111 77
0
0
1
99 93 59
0
0
1
66 165 137
1
67 168 140
0
0
0
1
67 167 140
1
44 64 63
0
0
1
43 62 61
1
18 107 113
1
18 109 115
0
1
17 110 117
0
0
1
255 255 255
1
254 254 254
1
17 113 120
0
0
0
0
0
0
1
254 252 249
0
1
41 43 42
0
0
1
255 255 255
0
1
254 254 254
1
255 255 255
1
242 156 3
0
1
229 228 225
0
0
1
230 230 227
1
210 208 202
0
0
1
229 229 226
0
0
1
24 125 127
0
1
242 153 1
0
1
37 142 129
0
1
242 153 1
0
0
1
25 145 151
0
0
1
31 143 144
0
1
56 53 38
0
1
45 154 143
0
1
54 51 37
0
0
1
33 50 49
1
32 48 48
0
1
31 31 31
0
0
0
0
0
1
230 227 221
0
0
1
233 233 230
1
232 232 230
1
232 232 230
0
0
1
232 232 229
1
231 230 227
1
20 122 128
1
20 121 126
1
20 125 131
0
0
1
20 128 134
1
20 128 137
0
0
1
29 135 137
0
1
229 228 224
1
226 225 221
0
0
0
1
199 197 191
0
1
44 142 130
1
182 180 172
0
0
1
208 55 42
1
216 59 47
0
0
1
196 55 36
1
208 55 43
1
209 55 43
1
192 53 33
1
182 177 170
1
178 173 165
1
209 56 43
1
209 55 43
1
182 177 170
1
182 177 170
0
1
37 140 129
1
37 141 131
0
0
0
0
0
0
0
0
0
0
1
40 148 139
1
43 152 141
0
0
0
0
0
1
62 163 136
1
61 165 138
1
64 166 141
0
0
0
1
63 60 43
1
65 71 53
1
196 195 190
0
0
1
196 195 189
1
244 116 14
0
0
1
244 114 14
1
64 166 140
1
62 168 140
1
63 166 139
0
1
64 166 139
1
62 169 141
1
69 162 135
0
1
61 167 139
0
1
76 75 54
0
1
62 168 140
0
1
78 81 59
0
1
245 119 15
0
0
0
1
202 201 195
0
1
72 68 49
0
0
1
81 76 55
1
89 84 60
0
0
0
0
1
83 88 64
1
112 106 73
0
0
1
102 96 62
1
98 92 58
0
1
86 79 47
1
94 88 54
1
45 159 149
0
1
59 56 40
0
1
44 160 152
0
1
57 55 39
0
1
62 169 141
0
1
69 65 46
0
1
61 166 138
0
1
72 69 49
0
1
77 74 52
0
1
93 88 63
1
85 80 58
1
64 171 144
0
1
86 81 59
0
0
1
61 167 139
0
1
84 86 63
1
240 152 3
1
241 152 2
1
37 143 133
1
39 148 138
1
241 152 2
1
241 154 4
0
1
38 143 134
0
0
1
244 162 0
0
0
0
1
243 160 0
0
0
0
1
243 161 0
0
0
0
0
0
1
243 159 0
0
1
236 91 29
1
248 147 8
0
1
249 120 21
1
251 102 30
0
0
0
1
247 66 51
1
229 62 40
0
0
1
248 74 62
1
247 70 57
1
247 69 55
1
234 67 54
1
198 194 188
1
203 199 194
1
226 62 38
1
247 68 53
1
215 211 207
1
214 210 206
0
1
203 202 197
1
196 195 189
0
0
1
245 117 15
1
245 118 15
0
0
1
195 194 188
1
197 196 190
0
0
0
0
0
0
1
251 136 22
1
254 139 21
0
1
248 120 16
1
244 111 13
0
0
1
254 135 20
1
254 137 20
0
0
1
248 130 20
1
201 194 184
0
1
244 111 13
0
0
0
0
0
0
0
1
158 168 156
1
244 114 14
0
0
0
1
166 163 153
1
115 109 75
1
100 94 60
1
159 156 143
0
1
99 93 59
1
94 88 54
1
85 78 47
0
0
1
61 167 139
1
62 167 140
0
0
1
60 166 137
1
61 167 138
0
0
1
64 171 145
1
63 170 143
0
0
1
63 170 143
1
65 172 146
1
66 174 148
0
0
1
74 168 141
0
1
40 40 39
0
0
0
1
248 234 195
0
0
1
18 112 119
0
0
1
18 114 121
1
19 111 116
1
18 108 114
0
0
1
19 114 119
1
19 116 121
0
0
1
18 116 123
0
1
237 237 233
0
0
1
233 232 230
1
231 230 227
0
1
17 111 119
0
1
240 159 2
0
1
18 112 118
1
16 110 116
0
0
1
24 115 117
0
1
248 159 0
1
245 160 1
0
0
1
255 255 255
1
255 255 255
0
1
41 42 42
1
44 44 42
0
1
41 43 43
1
42 44 43
0
0
0
0
0
1
254 254 252
0
0
0
1
255 255 255
0
1
230 230 227
1
229 228 225
1
229 227 221
1
243 155 0
0
0
1
242 151 0
0
0
0
0
1
244 161 0
0
1
243 157 5
1
243 161 0
1
242 151 0
0
1
229 227 221
1
242 157 9
1
229 228 225
0
0
1
229 229 226
0
1
228 229 225
1
229 228 225
0
1
17 117 126
0
1
240 155 3
0
1
37 136 124
0
1
240 152 2
0
1
37 141 128
0
1
240 155 3
0
1
38 145 131
0
1
239 153 3
0
1
24 152 158
1
23 152 158
0
1
24 154 161
1
63 69 53
0
1
63 69 53
1
67 64 46
0
1
64 60 43
1
65 62 44
1
63 60 43
0
1
63 60 43
1
58 55 39
1
56 55 40
0
1
55 55 40
1
54 51 37
1
52 54 40
0
1
54 57 43
1
53 50 36
1
55 60 46
0
1
55 64 48
1
56 54 38
0
1
33 34 33
0
0
0
1
248 236 202
0
0
0
1
29 29 30
0
0
1
32 32 32
0
0
1
232 231 228
0
1
31 31 31
1
30 30 30
0
0
0
1
25 125 128
1
223 143 2
1
224 141 0
1
19 131 137
1
20 124 129
0
0
0
0
1
229 230 225
1
231 230 227
0
0
1
232 232 230
0
1
21 125 130
1
21 123 128
0
0
1
20 120 125
1
21 124 129
0
0
0
1
20 126 132
1
20 126 132
0
0
1
18 123 130
0
1
233 232 229
1
232 231 229
0
0
1
233 233 230
1
233 232 229
0
1
232 231 229
1
230 229 226
0
1
41 145 133
1
40 145 133
0
0
1
39 144 133
0
1
231 231 228
1
230 230 227
0
0
1
229 228 226
0
1
223 222 218
1
223 222 218
0
0
0
0
0
1
208 208 203
1
206 206 201
0
0
1
207 206 201
1
193 192 185
0
0
1
191 190 183
1
177 175 168
0
0
1
176 175 167
1
185 184 177
0
0
1
185 184 176
0
0
0
1
191 55 34
0
1
46 142 132
1
186 52 32
1
36 140 128
0
0
1
38 144 133
1
225 224 220
0
1
230 230 227
1
224 223 219
0
0
0
0
1
38 144 134
0
0
1
36 140 130
1
37 145 136
0
0
1
37 143 133
0
0
0
0
0
0
0
0
1
38 147 138
0
0
1
44 156 141
0
1
38 146 138
1
41 151 143
0
0
1
41 153 145
1
47 156 143
1
61 158 144
1
58 156 128
0
1
232 232 229
0
0
1
54 154 126
1
57 156 128
0
0
1
57 157 130
1
57 158 129
1
61 162 134
0
1
234 233 230
1
66 164 137
1
61 162 135
1
60 66 50
0
1
62 69 52
1
64 61 44
1
62 168 141
1
61 164 136
0
1
61 166 138
0
0
1
58 65 48
1
61 58 42
0
1
60 166 138
1
60 165 137
0
0
1
62 166 139
0
0
0
1
195 195 189
1
194 193 187
0
0
1
194 193 188
1
198 197 192
0
1
81 86 63
1
66 155 128
1
81 87 64
1
84 79 57
1
79 85 62
0
1
90 95 69
1
88 83 58
1
61 167 139
0
1
77 84 62
1
62 154 127
1
61 166 138
1
60 154 126
0
1
61 158 130
1
61 166 138
1
62 162 134
0
1
61 162 134
1
62 169 141
1
62 166 138
0
0
0
1
206 205 200
1
206 205 200
0
0
1
204 203 198
1
204 203 198
0
1
246 127 17
1
245 124 16
0
1
245 126 16
0
1
76 72 51
1
72 69 49
1
79 75 53
1
203 202 196
0
0
1
202 200 195
1
192 191 184
0
0
1
178 175 166
1
179 176 167
1
86 81 59
1
93 88 62
0
0
1
62 168 141
0
1
63 169 142
0
1
203 202 196
1
190 188 181
0
0
1
181 179 170
1
184 182 173
0
0
1
179 176 167
1
178 175 167
0
0
1
182 179 171
1
177 174 165
0
0
0
0
0
1
46 152 141
0
1
58 56 39
0
1
44 154 145
0
1
57 54 38
0
1
42 156 147
0
1
52 50 36
0
1
43 158 150
0
1
64 60 43
0
1
62 168 141
0
1
72 68 49
0
1
64 171 144
0
1
72 69 49
0
1
62 168 140
0
1
69 68 49
0
1
61 166 138
0
1
71 74 54
0
0
1
63 170 143
0
1
79 75 53
1
63 170 144
0
1
75 71 51
0
1
61 168 140
0
1
90 85 62
0
1
63 166 139
1
63 169 142
1
62 165 138
0
1
64 167 140
1
63 169 142
1
63 166 139
0
1
38 146 136
1
38 148 138
0
1
38 147 137
1
37 143 134
1
38 144 136
0
1
38 145 137
0
1
244 164 0
1
244 163 0
1
244 160 0
0
1
243 159 0
1
244 164 0
1
244 161 0
1
57 160 130
1
57 160 131
0
1
57 160 131
0
1
243 157 0
1
243 159 0
1
243 158 0
0
1
243 158 0
1
243 158 0
1
243 158 0
1
58 163 133
1
58 164 135
0
1
59 165 136
0
1
243 157 0
1
243 157 0
1
243 159 0
0
1
244 162 0
1
244 160 0
1
244 158 0
0
1
229 228 224
1
229 230 226
1
229 227 221
0
1
243 159 0
1
243 158 0
0
0
1
243 156 0
1
243 159 0
0
0
0
1
245 57 40
0
0
1
210 210 206
0
0
0
1
246 61 45
1
246 62 47
0
1
244 148 9
1
246 64 50
1
246 65 47
1
248 152 9
1
211 210 206
1
211 211 206
0
0
1
213 213 209
1
222 222 218
0
0
1
224 224 220
1
225 226 222
0
0
1
225 225 221
1
225 225 221
0
0
0
1
213 212 208
1
210 209 204
0
0
1
196 195 189
1
192 191 185
0
1
195 195 189
0
0
1
197 196 189
1
199 198 192
0
0
1
200 199 193
1
254 143 21
0
0
1
254 140 21
1
254 143 22
0
0
1
254 142 22
1
254 141 21
0
0
1
254 144 22
0
1
254 135 24
0
1
233 233 231
1
232 232 229
0
1
254 137 22
1
254 143 27
1
254 136 20
0
1
254 143 23
1
254 139 21
1
254 136 20
1
254 139 21
0
0
1
64 172 146
0
1
253 136 20
0
0
0
1
76 157 129
1
79 160 132
0
0
1
80 162 133
1
78 159 130
0
0
1
79 160 131
1
80 162 133
0
0
1
83 166 138
1
80 161 134
0
1
201 200 195
1
201 200 193
0
1
202 201 196
0
0
1
200 199 194
1
245 116 15
1
245 121 16
1
245 121 15
0
0
1
246 128 17
1
245 117 14
0
1
205 204 198
0
0
1
202 201 195
1
203 202 196
0
0
1
189 187 180
0
1
245 125 16
0
0
1
66 170 142
1
65 171 145
0
1
76 158 129
0
1
201 200 195
1
194 199 192
0
1
62 169 141
0
0
1
77 158 130
0
0
1
78 160 132
1
78 159 130
0
1
165 162 153
0
1
108 102 72
1
60 166 137
1
60 166 137
0
1
60 166 138
0
1
244 157 0
0
0
1
243 161 0
1
244 162 0
0
0
1
243 161 0
1
248 151 8
0
0
1
254 135 20
1
254 136 20
0
0
1
254 133 19
1
254 131 18
0
0
1
254 133 20
1
254 135 19
0
0
1
254 140 21
1
254 137 20
0
0
1
64 171 145
0
1
254 134 19
0
0
0
1
82 164 136
1
82 164 137
0
1
43 44 41
1
47 47 44
1
53 51 47
0
0
0
0
0
1
243 229 190
1
248 232 191
0
0
1
247 230 187
1
246 226 181
0
0
1
246 212 160
0
0
0
1
247 196 134
0
1
49 50 50
1
18 109 116
0
0
1
15 112 119
1
21 119 125
1
244 248 248
1
255 255 255
0
1
15 108 115
1
12 104 110
0
0
1
18 109 115
1
18 107 113
0
0
0
0
0
1
254 253 253
1
27 115 122
0
1
255 253 254
1
250 251 251
0
1
255 254 255
1
252 253 252
0
1
17 115 121
0
0
0
0
0
0
1
244 166 0
1
243 158 2
0
1
229 230 229
0
1
16 108 116
0
0
0
1
17 114 122
0
0
0
0
0
1
247 159 0
1
247 163 10
0
0
0
0
1
20 119 124
1
19 112 117
0
0
0
0
1
254 254 253
1
255 255 255
1
247 158 1
1
247 162 0
0
0
1
25 91 95
1
38 39 39
1
38 40 40
0
1
246 165 1
0
0
1
247 169 0
0
0
0
0
0
0
0
0
1
247 166 0
1
248 169 0
1
248 174 16
0
0
1
40 42 43
0
1
248 169 0
0
0
1
254 254 254
1
255 254 255
1
254 254 254
0
1
254 254 253
1
254 255 255
1
45 42 43
0
1
41 43 43
0
1
249 249 249
0
0
1
255 255 255
0
1
230 229 226
1
229 228 225
0
1
242 150 0
0
0
1
243 152 0
1
242 149 2
0
1
228 229 227
0
1
230 230 227
0
0
1
231 229 224
0
1
255 254 253
1
225 226 225
0
1
242 160 9
1
209 206 198
0
1
244 160 0
0
1
244 163 0
1
243 156 0
0
1
244 160 0
0
0
1
244 163 0
0
1
227 227 224
1
229 228 225
0
1
230 229 225
0
0
1
230 230 228
0
1
243 154 0
1
243 158 0
0
1
244 161 0
0
0
1
243 154 0
1
243 154 1
0
1
228 229 227
0
1
17 116 124
0
0
0
1
23 121 122
0
0
0
1
36 132 119
0
0
0
1
38 142 128
0
0
0
1
37 141 128
0
0
0
1
36 139 125
0
0
0
1
37 142 128
0
0
0
1
37 144 131
0
0
0
1
24 156 162
0
1
63 59 42
0
1
24 147 153
1
23 152 159
1
24 153 159
0
1
23 156 163
0
1
64 60 42
0
1
23 147 156
0
1
61 61 45
0
1
46 159 148
0
0
0
1
46 162 152
1
45 155 144
0
1
48 163 152
1
44 159 148
1
43 156 144
0
1
45 160 148
0
1
57 54 38
1
58 55 39
1
61 57 40
0
0
1
46 44 40
1
38 37 35
1
242 227 188
0
0
1
249 232 192
0
0
0
0
1
248 232 193
0
0
1
248 229 189
1
248 200 142
0
1
35 35 35
0
0
0
0
0
1
28 28 29
0
0
1
29 30 30
0
1
218 144 2
1
223 142 0
0
1
25 26 28
0
1
225 144 0
0
1
226 149 0
1
225 147 0
0
1
226 153 10
0
0
1
233 233 230
1
234 233 230
0
0
0
1
199 67 58
0
0
0
1
44 33 32
1
21 123 128
1
20 120 125
0
0
0
0
0
0
0
0
1
223 142 8
1
224 144 0
1
223 142 0
1
223 139 0
0
0
0
0
1
229 229 226
1
228 228 226
0
1
38 31 31
0
1
37 37 37
0
1
232 232 229
1
233 232 229
1
233 232 230
0
0
1
234 233 231
0
0
1
26 123 129
1
231 231 229
1
236 234 232
0
0
1
232 231 227
0
1
20 122 127
1
20 126 131
0
0
1
14 114 120
1
17 119 124
0
0
0
1
21 126 132
1
18 127 134
0
1
230 231 228
1
29 130 137
0
1
233 232 229
1
234 233 231
0
0
1
233 233 230
1
28 130 137
1
20 131 137
1
20 133 141
0
0
1
20 132 140
1
16 128 137
0
1
232 233 230
1
27 132 141
0
1
237 235 233
1
233 233 229
0
0
1
233 233 230
0
1
42 148 137
1
38 146 135
0
1
229 229 227
1
46 149 137
0
1
234 233 230
1
232 231 228
0
0
1
231 230 226
1
45 149 138
1
40 147 135
1
39 146 134
0
0
1
38 143 130
1
35 146 133
0
1
228 229 227
1
47 155 144
0
1
232 231 228
0
1
224 223 219
1
222 221 218
0
1
37 145 132
0
0
1
37 142 129
1
214 213 209
0
0
1
197 195 188
0
1
221 220 216
1
213 219 215
1
42 144 133
1
38 141 129
0
0
1
37 142 129
1
174 174 165
1
41 143 131
1
34 140 127
0
0
0
1
223 64 51
1
228 63 50
0
0
1
229 65 52
1
229 66 53
0
0
1
207 54 41
1
206 53 41
0
0
1
205 53 40
1
208 56 44
0
0
1
206 54 41
1
205 53 41
0
0
1
207 54 42
1
211 58 46
0
0
1
195 56 35
1
195 56 35
0
0
1
197 55 38
1
210 57 46
1
181 179 172
0
0
1
184 183 174
0
0
1
37 148 139
1
179 63 43
0
0
1
192 55 34
1
198 58 36
0
1
39 148 139
1
38 142 133
0
0
1
221 220 216
1
224 223 219
0
1
34 142 131
0
0
1
39 146 136
1
230 230 227
0
0
1
231 230 227
1
223 222 218
1
227 226 224
0
0
1
232 231 229
1
234 233 230
0
0
1
246 77 49
0
0
0
1
247 76 47
0
1
248 187 0
0
1
38 143 133
0
0
1
37 143 134
1
36 143 132
0
0
1
35 147 137
1
28 142 133
0
1
240 68 57
1
37 143 134
0
1
249 65 52
1
248 74 51
0
0
1
248 186 0
1
248 179 7
0
1
248 78 53
0
0
1
249 66 54
1
240 71 60
1
44 158 149
1
35 153 145
0
1
248 179 7
0
0
1
248 189 1
1
248 190 0
0
0
1
248 190 0
0
1
42 152 145
1
39 146 138
0
0
1
39 146 138
1
51 154 133
1
53 151 131
1
248 188 1
1
249 75 53
1
244 71 59
1
248 175 9
0
1
247 90 43
0
0
0
0
0
0
1
186 50 31
0
0
1
189 51 30
1
193 53 32
0
1
47 148 140
1
188 51 29
0
1
39 156 148
1
41 152 144
0
1
236 75 64
0
0
0
1
59 162 134
0
0
1
58 160 132
0
0
0
0
1
236 238 235
0
0
1
238 236 234
1
235 235 232
1
62 157 130
1
50 153 124
0
1
56 158 129
0
0
1
61 166 139
1
62 167 141
1
64 171 144
1
64 171 146
0
1
61 162 135
0
1
64 61 44
0
1
61 162 134
0
1
59 55 40
0
1
62 168 141
1
59 163 135
1
61 167 139
0
1
193 191 185
1
183 195 187
0
1
202 201 196
1
201 200 195
0
0
1
197 195 189
1
198 196 190
1
71 167 141
1
60 167 139
1
187 193 185
1
62 161 135
0
1
73 69 49
0
0
1
61 168 142
1
65 166 139
0
1
243 112 17
1
197 194 186
1
201 199 192
1
242 107 17
1
242 110 18
1
197 194 187
1
194 192 185
1
243 112 19
1
242 112 21
1
195 193 187
1
197 195 189
1
242 112 21
1
242 119 24
1
195 194 189
1
193 193 187
1
241 111 23
1
65 172 146
1
65 173 146
1
65 173 146
0
1
60 166 137
1
60 167 138
0
1
61 167 139
0
1
71 66 47
1
71 68 48
1
70 67 48
0
1
72 73 53
1
75 71 51
1
74 77 56
1
63 162 136
0
1
93 88 61
0
1
62 168 140
1
62 168 140
0
0
1
241 111 24
1
196 195 189
1
200 199 194
1
242 121 27
1
243 127 29
1
199 198 192
1
204 204 200
1
242 127 29
1
241 123 30
1
203 203 198
1
202 199 194
0
1
73 172 147
1
204 201 196
1
204 202 196
1
76 174 148
1
244 127 17
0
1
63 172 144
0
0
0
1
77 74 53
0
1
204 203 198
0
0
1
203 202 196
1
209 207 202
0
1
89 85 62
1
193 191 185
0
1
81 76 54
1
82 78 55
0
0
1
88 84 60
1
86 81 58
0
1
180 177 167
0
0
1
172 170 160
1
243 122 15
0
1
61 168 141
0
1
66 168 142
0
1
80 75 54
0
1
77 171 146
1
205 203 197
1
207 206 200
0
0
1
206 205 199
1
210 209 205
0
0
1
193 191 184
1
179 177 168
0
0
1
182 179 172
1
183 181 172
0
1
123 117 87
1
181 179 170
1
178 176 167
1
120 114 84
1
122 115 86
1
178 176 169
1
176 174 166
1
120 114 86
0
1
179 177 169
1
180 178 169
0
0
1
175 172 162
1
169 167 158
0
0
1
170 167 158
1
170 167 158
0
1
171 169 158
0
0
1
169 166 158
1
165 163 153
0
0
0
0
1
168 165 156
0
1
101 95 63
0
1
61 58 40
1
55 53 37
1
59 56 40
0
1
56 54 39
1
57 55 39
1
59 59 42
0
1
54 55 40
1
58 55 40
1
58 60 44
0
1
54 59 45
1
53 51 37
1
56 64 48
1
42 146 137
0
1
54 51 36
0
1
44 155 147
0
1
57 55 39
0
1
43 158 149
0
1
63 60 43
0
1
42 158 149
0
1
63 59 42
0
1
61 167 139
0
1
72 68 49
0
1
62 169 142
0
1
69 64 46
0
1
66 173 147
0
1
69 67 48
0
1
62 168 140
0
1
73 73 53
0
1
61 167 139
0
1
68 72 53
1
63 154 127
1
61 167 138
1
62 156 129
1
71 82 61
1
62 158 131
1
61 166 138
1
60 160 131
0
1
62 164 136
1
63 169 142
1
63 167 140
0
1
62 167 140
0
1
61 169 141
0
1
78 74 52
0
1
62 170 143
0
1
90 84 60
1
63 170 143
0
1
78 73 52
0
1
62 169 142
0
1
80 75 53
0
1
62 170 143
0
1
82 76 55
0
1
61 168 141
0
0
0
1
84 89 65
1
64 156 130
1
77 83 61
1
84 80 58
1
81 86 64
1
66 159 132
1
73 79 58
1
77 72 52
1
35 146 136
0
1
244 161 0
0
1
35 145 137
0
1
244 158 0
0
1
35 144 136
0
1
245 166 0
0
1
36 145 137
0
1
245 163 0
0
1
54 159 130
0
1
244 155 0
0
1
57 163 134
0
1
244 159 0
0
1
56 161 132
0
1
244 159 0
0
1
59 166 139
0
1
244 157 0
0
1
57 163 135
0
1
244 157 0
0
1
57 163 135
0
1
245 161 0
0
0
1
227 227 224
1
229 229 225
0
1
230 230 227
0
0
1
230 230 228
0
1
243 158 5
1
243 161 0
0
0
1
243 157 0
1
243 156 0
0
1
245 87 30
1
243 157 0
1
244 166 0
1
246 74 37
1
223 225 222
1
229 229 225
0
0
1
230 230 227
1
229 229 226
0
0
0
1
246 60 44
1
246 61 45
0
0
1
210 208 203
1
211 211 207
0
0
0
1
223 60 36
1
224 62 37
1
240 156 14
0
1
227 69 36
1
246 149 5
1
245 146 10
1
246 57 43
1
246 63 45
1
244 160 2
1
244 162 0
1
246 78 40
0
1
244 168 0
0
0
1
247 65 50
1
234 66 45
0
0
1
223 62 36
1
224 62 37
0
0
1
247 69 55
1
247 65 51
0
0
1
247 68 53
1
248 69 55
0
0
1
249 77 64
1
248 71 57
0
0
1
248 74 61
1
248 72 58
0
0
1
248 74 60
1
248 73 59
0
0
1
248 76 63
1
248 73 60
0
1
215 214 210
1
215 214 210
0
0
1
214 212 208
1
210 211 208
0
1
254 141 21
1
215 206 197
0
1
254 137 18
1
254 139 21
0
0
1
254 144 22
0
1
249 133 20
1
245 123 16
0
0
1
244 115 14
1
245 115 14
0
0
1
245 119 15
1
244 112 13
0
0
1
245 124 15
1
246 123 14
0
1
201 191 178
1
192 190 184
1
194 192 186
0
0
1
195 193 187
1
195 195 190
0
1
251 138 29
1
194 193 187
0
1
254 144 18
1
254 144 22
0
0
1
254 151 26
1
249 86 39
1
247 66 51
0
0
0
1
231 234 232
1
232 233 231
0
1
246 65 51
1
246 65 51
0
0
0
1
254 137 20
1
254 138 21
0
0
1
254 138 19
1
254 131 14
0
1
254 137 17
1
233 222 211
0
1
254 140 18
1
254 135 20
1
254 137 20
0
0
1
254 139 20
1
254 137 20
0
0
1
62 171 145
0
1
252 137 20
0
1
63 172 146
0
1
252 132 18
0
0
0
1
63 168 141
1
64 171 145
0
0
1
63 170 143
1
61 166 138
0
0
1
62 167 140
1
62 167 139
0
0
1
62 169 141
1
64 171 144
0
0
1
62 168 140
1
63 171 144
0
0
1
62 166 138
1
62 168 139
0
0
1
64 171 145
1
64 172 145
0
0
1
64 171 145
1
63 170 143
0
1
201 200 195
1
199 199 194
1
241 120 29
1
247 121 13
0
0
1
245 118 14
0
1
246 121 12
1
245 115 11
0
0
1
245 113 10
1
246 116 9
1
205 194 183
1
246 120 14
1
237 115 20
0
0
1
64 173 146
0
0
1
64 171 145
1
64 171 144
0
0
1
62 170 142
1
206 200 192
0
1
67 172 145
1
200 199 194
1
207 205 199
1
73 174 149
1
78 173 149
1
212 209 205
1
210 206 203
0
1
88 172 149
1
195 192 186
1
176 173 163
1
95 172 151
1
101 171 152
1
167 164 156
1
63 170 143
0
0
1
63 170 143
1
244 128 17
0
1
65 175 149
0
1
63 171 144
0
0
1
65 172 146
1
66 167 142
0
1
97 91 64
0
1
245 118 15
0
0
1
245 120 15
1
246 121 14
0
1
56 165 136
0
0
1
187 185 178
1
171 168 159
0
1
75 170 144
1
173 169 159
1
162 162 150
0
0
0
1
63 168 141
1
63 169 142
0
0
1
64 170 143
1
62 168 140
1
103 96 63
1
160 157 147
0
1
98 91 58
1
165 163 153
1
166 164 156
0
0
1
59 165 138
0
0
0
1
58 164 136
0
1
244 157 0
0
1
244 163 0
1
244 161 0
0
0
1
245 164 0
1
243 163 0
0
0
1
244 169 0
1
245 169 0
0
0
1
244 161 0
1
244 165 0
0
0
1
254 137 19
1
254 134 19
0
0
1
244 164 0
1
247 152 5
0
0
1
254 136 21
1
254 131 18
0
0
1
254 135 20
1
254 137 20
0
0
1
254 131 18
1
254 131 18
0
0
1
254 138 21
1
254 124 16
0
0
1
254 135 20
1
254 135 20
0
0
1
254 131 18
1
254 131 18
0
0
1
254 138 20
1
254 130 17
0
0
1
254 137 20
1
254 141 22
0
0
1
65 175 149
0
1
252 132 18
0
1
64 173 148
0
1
252 136 20
0
0
0
1
68 177 151
1
65 172 146
0
0
1
64 170 143
1
64 171 144
0
0
1
49 51 47
1
50 49 49
0
0
1
253 243 206
1
251 238 201
0
0
1
254 244 207
1
253 246 209
0
0
1
237 225 189
1
236 225 192
0
0
1
237 225 188
1
241 228 188
1
35 40 43
0
0
1
38 42 44
1
41 46 48
0
0
1
30 34 36
1
29 34 36
0
0
1
30 35 36
1
36 40 42
0
1
220 161 93
1
39 43 45
1
248 236 198
1
248 237 202
1
245 190 124
1
245 186 119
1
244 183 116
1
246 192 130
0
1
69 66 59
1
245 184 115
1
246 183 116
0
1
64 64 57
1
42 47 51
0
0
1
49 51 52
0
1
245 184 112
1
66 65 57
1
58 56 51
1
17 108 114
0
0
1
8 109 114
0
1
252 254 252
1
255 255 255
0
1
18 112 119
0
0
1
11 117 124
0
0
1
254 255 255
1
254 254 254
0
0
1
255 255 255
1
254 255 255
0
0
1
255 253 254
1
246 249 249
1
18 108 114
1
8 101 108
0
0
1
8 110 118
1
10 110 121
0
0
1
7 108 118
1
15 111 117
1
229 158 15
0
0
0
1
255 255 255
1
255 255 255
1
17 114 120
1
14 121 126
0
0
1
9 111 119
0
1
222 228 226
1
17 118 125
0
1
239 238 235
1
236 234 230
0
1
17 110 116
1
21 111 114
0
1
22 112 120
0
0
0
1
246 159 0
1
16 119 127
1
22 115 121
0
1
21 114 122
0
1
246 154 0
1
244 162 0
1
247 158 0
1
243 161 0
0
1
230 224 213
1
245 169 7
0
1
229 231 232
1
232 234 236
0
0
1
232 232 231
1
228 228 225
1
229 224 212
1
244 164 0
0
0
1
245 160 1
1
17 115 123
1
21 110 119
0
1
21 109 118
0
1
246 155 0
1
244 164 0
1
247 159 0
1
17 110 117
1
21 114 120
0
1
22 115 123
1
17 112 119
1
20 107 116
0
1
21 115 125
0
1
246 161 0
1
243 151 0
1
246 151 1
1
17 110 118
1
21 117 126
0
1
21 114 123
0
0
1
251 171 1
1
251 167 0
0
0
1
246 152 1
1
248 161 0
1
35 112 108
0
1
250 160 1
1
245 166 4
0
0
1
250 160 1
1
250 162 0
1
246 151 0
1
246 148 0
0
0
0
1
246 155 12
1
253 245 233
1
255 254 255
1
10 116 122
1
11 112 122
0
0
1
18 115 121
1
13 109 114
0
0
1
247 166 15
1
247 154 1
0
1
254 247 237
1
246 163 1
1
246 155 1
0
0
0
1
248 165 24
1
254 249 242
1
253 255 254
1
253 242 220
0
1
254 254 253
1
255 255 253
1
9 115 126
1
29 70 74
0
0
0
1
42 43 44
1
35 41 44
0
1
250 168 0
0
1
249 169 1
1
247 164 0
0
0
1
253 85 73
1
253 80 66
0
0
1
251 91 82
1
254 99 89
0
1
57 46 44
1
45 46 47
1
44 48 47
1
252 97 86
0
1
30 42 45
0
0
0
1
253 83 72
0
0
0
1
254 85 75
1
253 82 69
1
250 84 74
1
250 80 66
1
252 86 76
0
1
255 255 255
0
1
254 251 251
1
255 255 253
1
246 152 1
1
248 166 1
0
0
1
235 163 5
0
0
1
248 162 0
0
1
35 42 48
0
1
249 166 0
0
0
1
255 255 255
1
255 254 253
1
249 174 29
1
232 158 4
0
1
254 251 246
1
254 238 237
0
0
1
255 255 253
1
28 29 28
1
48 50 50
1
31 32 32
0
0
1
27 27 27
0
1
250 250 249
0
1
37 39 38
1
32 32 32
0
1
255 255 255
0
1
248 248 248
1
255 255 255
1
244 160 0
0
1
229 223 212
1
244 159 8
0
1
230 231 230
1
227 231 230
0
1
244 153 0
0
1
231 222 212
1
242 151 6
0
1
226 230 229
1
228 230 232
0
0
1
230 230 227
1
226 227 222
1
230 222 210
1
242 155 0
0
0
1
242 148 0
1
229 232 234
0
1
243 154 1
0
0
1
244 159 1
1
244 165 0
1
244 164 10
1
242 151 26
1
254 250 246
0
1
244 150 0
1
244 157 0
0
0
1
244 155 0
0
1
206 206 203
1
208 209 209
0
1
231 233 234
0
1
243 159 15
1
231 224 213
0
1
242 151 1
1
244 161 1
1
242 164 22
0
1
213 214 213
1
210 203 193
1
243 160 8
1
245 156 0
0
0
1
244 163 0
1
243 148 0
0
1
230 223 209
1
244 157 6
0
1
230 231 230
1
228 230 232
0
1
228 230 228
0
0
1
231 230 226
0
1
244 156 0
1
243 156 0
0
1
228 229 226
0
0
1
228 229 231
0
1
242 153 0
1
243 156 1
0
1
243 153 0
0
1
230 223 209
1
243 156 7
0
1
227 229 227
1
227 229 231
0
0
1
228 227 225
1
231 231 227
1
231 223 207
1
242 151 0
0
0
1
244 157 0
1
16 110 120
1
21 115 124
0
1
21 113 122
0
1
246 163 1
1
243 156 0
1
246 162 0
1
17 116 126
1
21 112 120
0
1
21 112 121
1
16 117 127
1
20 118 129
0
1
26 131 124
0
1
245 154 0
1
243 150 0
1
246 150 0
1
35 131 117
1
28 132 119
0
1
30 135 123
1
37 138 125
1
28 131 119
0
1
28 136 123
0
1
245 155 0
1
241 151 0
1
246 157 0
1
37 135 122
1
28 133 122
0
1
28 136 123
1
34 131 119
1
28 138 124
0
1
28 137 125
0
1
247 155 1
1
242 152 1
1
245 153 0
1
39 141 127
1
29 142 130
0
1
28 141 128
1
37 139 128
1
28 141 129
0
1
29 139 128
0
1
246 157 0
1
242 154 0
1
246 153 0
1
38 143 132
1
29 143 130
0
1
27 136 124
1
35 136 123
1
28 137 127
0
1
27 139 127
0
1
246 156 0
1
243 152 0
1
245 153 0
1
36 140 126
1
28 142 130
0
1
28 141 127
1
36 141 127
1
28 142 127
0
1
28 146 132
0
1
246 148 0
1
241 150 0
1
246 156 0
1
36 143 129
1
28 141 128
0
1
29 145 131
1
38 146 133
1
29 149 135
0
1
28 148 133
0
1
246 151 0
1
242 156 0
1
245 155 0
1
39 147 134
1
29 150 139
0
1
28 146 136
1
26 167 172
1
27 149 153
1
64 69 54
0
1
21 154 162
0
1
60 53 35
0
1
70 75 58
1
28 144 148
1
64 71 56
1
71 66 48
1
22 158 166
0
1
63 57 39
0
1
21 154 161
0
1
69 61 42
0
1
21 148 156
1
26 137 143
1
64 69 53
1
26 143 150
1
23 149 157
1
24 146 153
1
56 69 58
1
22 143 151
1
44 154 145
1
45 160 148
0
1
45 158 146
0
1
53 45 30
1
60 55 41
1
61 54 37
1
46 160 148
1
45 161 151
0
1
47 163 153
1
48 146 135
1
59 61 44
1
64 60 43
1
57 61 46
1
43 158 147
0
1
64 57 39
0
1
44 165 153
0
1
61 56 37
0
1
38 38 37
0
1
36 35 34
1
39 40 37
0
1
37 37 35
1
43 43 40
1
40 40 38
0
1
30 34 37
1
19 23 26
0
0
1
22 25 28
1
20 24 26
0
0
0
1
254 243 203
1
254 243 203
0
0
1
249 236 196
1
253 241 202
0
0
1
240 228 192
1
235 224 190
0
0
1
238 226 191
1
234 223 188
0
1
27 31 31
1
24 27 28
0
0
1
23 25 25
1
30 34 35
0
0
1
28 32 34
1
34 35 36
0
1
246 192 128
0
1
47 44 41
0
1
248 236 200
1
248 235 200
1
245 187 119
1
244 187 121
1
249 236 202
1
249 239 207
1
245 187 121
1
244 183 115
1
246 185 120
1
246 190 124
1
61 56 50
0
1
246 191 128
1
247 198 137
0
1
63 59 52
1
31 41 42
1
19 119 124
1
19 118 123
1
29 39 40
1
24 36 38
1
11 123 130
0
0
1
27 29 27
1
21 23 30
0
1
19 23 29
0
1
228 149 0
1
225 147 0
1
219 151 2
1
22 22 27
0
1
230 149 0
0
1
22 25 28
0
1
221 151 3
0
1
225 145 0
1
224 143 1
0
0
0
1
226 151 17
1
229 228 222
0
0
0
1
232 233 232
1
231 234 235
0
0
1
204 66 56
1
204 65 55
0
0
0
1
206 64 56
0
1
233 237 235
1
234 233 230
1
230 228 226
0
0
1
211 68 59
1
206 67 57
0
0
1
208 68 59
1
204 65 57
0
1
207 73 66
0
1
26 31 32
1
15 116 123
1
18 121 127
0
0
1
10 125 133
1
15 140 147
0
0
0
0
1
228 140 0
1
227 133 1
0
1
34 117 114
1
221 145 4
1
226 136 0
1
225 146 8
0
1
230 233 231
1
230 223 210
1
222 139 1
1
223 139 0
0
0
0
0
1
227 153 0
1
224 148 0
0
0
1
227 144 1
1
225 143 1
0
0
1
230 230 226
1
232 232 231
1
224 146 13
0
1
231 234 234
1
230 228 219
1
223 140 0
1
222 140 0
0
1
222 145 36
1
221 137 0
1
221 136 10
1
231 224 216
0
1
32 32 33
1
17 18 18
0
1
29 30 30
1
22 22 24
0
1
227 226 223
0
1
200 60 49
0
1
232 236 233
0
1
27 27 28
1
24 24 24
0
1
18 18 18
0
1
234 233 230
1
229 229 227
1
237 237 235
0
1
239 239 236
1
234 233 229
1
226 225 222
1
13 117 122
1
20 120 127
0
0
1
15 117 122
1
8 117 126
0
1
211 140 17
1
10 121 133
1
10 116 123
0
0
0
0
1
231 230 227
1
231 233 233
1
9 113 118
1
21 123 130
0
0
0
1
34 137 143
1
231 231 228
1
239 236 232
0
0
1
239 234 231
1
238 236 233
0
0
1
236 235 232
1
232 232 229
0
1
21 128 135
1
10 123 128
0
1
235 233 230
0
0
1
236 232 231
0
1
13 121 127
1
9 121 127
0
1
219 224 223
1
16 124 131
0
1
237 236 232
1
240 237 235
0
0
1
234 233 230
0
1
11 122 131
1
9 120 127
0
1
219 225 225
1
15 128 135
0
1
236 235 231
1
243 239 237
0
0
1
235 234 232
0
1
13 131 140
1
9 122 132
0
1
221 227 225
1
13 121 129
0
1
240 237 235
1
241 236 234
0
0
1
235 234 231
1
217 227 223
1
43 154 145
0
1
235 233 230
1
239 236 234
0
0
1
233 232 229
0
1
36 143 130
1
25 138 126
0
1
218 225 221
1
35 141 130
0
1
234 231 230
1
239 237 234
0
0
1
233 233 229
0
1
36 145 132
1
24 140 127
0
1
217 224 221
1
32 142 128
0
1
235 233 230
1
239 235 232
0
0
1
233 232 228
0
1
36 148 136
1
29 148 137
0
0
1
228 224 220
1
208 215 211
1
36 147 133
1
31 140 126
0
1
38 141 128
1
38 143 129
0
1
227 224 222
1
221 221 218
1
47 146 134
1
25 135 122
0
0
1
38 141 129
1
208 209 203
1
48 142 132
1
33 142 132
1
185 199 194
0
1
30 137 125
1
38 143 131
0
0
1
219 221 216
0
1
27 134 122
0
1
230 227 223
0
1
30 143 130
1
36 137 126
0
1
29 139 126
1
39 139 128
1
186 183 175
0
0
1
192 188 180
0
0
1
229 57 42
1
227 58 41
0
0
1
230 60 46
1
228 57 43
0
0
1
230 63 50
1
230 61 48
0
0
1
228 60 45
1
231 64 51
0
0
1
208 51 38
1
207 50 37
0
0
1
206 49 35
1
204 46 31
0
0
1
209 51 39
1
226 61 47
0
0
1
210 52 41
1
208 51 38
0
0
1
204 47 33
1
205 48 35
0
0
1
205 49 35
1
209 51 38
0
0
1
213 55 42
1
207 49 36
0
0
1
207 50 35
1
202 45 32
0
0
1
192 49 26
1
189 47 24
0
0
1
191 49 27
1
191 51 28
0
0
1
207 50 36
1
211 55 43
0
0
1
196 54 31
1
209 51 38
1
179 174 167
0
1
47 144 135
1
181 178 170
1
160 168 160
1
31 141 130
1
30 145 134
0
0
0
1
196 51 25
1
191 51 29
0
1
35 140 128
1
39 144 134
0
0
0
1
196 52 28
1
197 54 30
0
0
1
192 50 27
1
197 54 31
1
197 53 30
0
0
1
199 56 32
1
183 57 36
1
42 140 133
1
28 150 140
0
0
1
224 222 220
1
227 225 221
0
1
25 135 123
0
0
1
36 146 135
0
1
222 221 217
1
229 225 221
0
1
34 149 139
1
201 211 206
0
1
32 143 132
1
215 221 219
1
35 143 133
0
1
235 233 230
1
236 233 230
0
0
1
232 230 227
0
0
1
246 54 33
1
247 61 43
0
0
1
249 62 46
1
248 61 43
0
0
0
1
249 65 49
0
0
1
248 60 42
1
247 55 35
1
249 64 49
0
0
1
252 63 48
1
252 65 52
0
1
48 149 141
1
241 67 54
0
1
247 63 55
1
246 65 53
0
1
246 62 51
1
247 64 54
0
0
1
248 71 64
1
249 181 14
1
248 180 8
1
246 65 46
1
31 141 132
0
0
1
28 143 132
1
27 147 137
0
1
231 68 51
1
37 148 138
1
47 139 129
1
245 66 51
1
251 65 51
0
0
1
250 62 45
1
251 70 56
0
0
1
250 70 56
1
248 72 59
0
1
39 147 139
0
0
1
38 149 140
1
32 148 140
0
0
1
22 144 134
1
248 81 50
1
248 192 1
1
249 196 0
1
247 101 45
0
1
248 190 0
1
249 190 0
0
0
1
27 150 141
1
23 144 136
0
0
1
36 156 149
1
43 157 149
0
1
249 65 51
0
0
1
252 67 53
1
247 179 0
0
0
1
247 189 0
1
248 185 0
1
247 91 47
1
247 76 53
1
248 186 3
1
250 185 12
1
248 70 61
1
248 69 61
1
247 158 16
0
1
247 62 55
1
249 75 62
0
1
252 66 52
0
0
1
249 76 65
1
225 76 62
1
36 154 146
1
19 150 139
0
0
1
28 149 140
1
37 149 141
0
1
18 143 134
0
0
1
30 152 145
1
246 61 52
0
1
248 168 15
1
248 67 58
1
44 150 141
1
237 71 57
1
249 76 65
0
0
1
252 68 52
1
253 70 57
0
1
249 72 60
1
248 178 7
1
249 192 1
1
247 79 52
1
248 100 50
1
250 200 1
1
249 198 1
0
0
1
252 74 62
1
249 70 60
0
1
195 55 31
0
0
1
192 48 25
1
190 51 30
1
53 131 123
1
34 142 133
1
172 59 41
0
1
29 151 142
1
39 157 148
0
1
190 169 162
0
0
1
184 179 170
1
185 178 169
0
1
45 150 141
1
183 183 175
0
1
248 195 0
0
0
1
248 61 49
1
248 73 66
0
0
1
246 64 49
1
248 63 47
0
0
1
56 157 129
0
0
1
56 163 135
1
44 149 120
0
0
1
47 153 123
1
247 194 0
0
1
248 88 51
0
1
249 66 58
0
0
1
251 73 60
1
251 67 55
0
0
0
1
247 62 49
1
248 65 52
0
0
1
228 237 234
1
58 158 131
1
43 143 115
0
0
1
50 158 129
1
56 160 132
0
1
232 232 229
0
0
1
243 239 238
1
53 156 127
1
212 221 215
1
227 227 224
1
64 161 134
0
1
230 230 225
1
242 235 234
0
0
1
66 173 147
0
1
66 61 42
0
1
66 63 45
1
72 68 49
1
72 68 48
1
63 144 117
1
64 62 43
1
59 58 40
1
68 65 46
1
61 148 121
1
62 166 140
0
1
67 60 42
0
1
60 56 40
1
61 59 43
1
67 62 45
0
1
63 172 142
0
1
52 47 31
1
204 199 193
0
1
84 167 142
1
201 197 192
1
205 205 198
1
67 165 138
1
52 159 128
1
180 192 182
0
1
51 158 128
1
58 164 138
0
1
67 146 120
1
75 71 51
1
72 68 48
1
68 64 46
1
67 146 123
1
70 67 48
1
72 67 48
1
74 71 49
1
199 197 191
0
0
1
202 197 193
1
196 193 188
1
80 171 148
1
67 173 146
1
195 198 191
1
77 100 76
1
66 173 148
0
1
84 77 54
1
60 168 140
1
70 94 72
1
77 70 50
0
1
59 167 137
1
65 143 116
1
66 63 45
1
61 145 120
1
63 170 142
1
60 167 139
1
76 102 77
1
65 171 145
0
1
79 71 50
1
79 75 53
1
76 69 49
0
1
72 66 48
1
104 99 67
1
104 98 66
1
59 166 137
1
63 172 145
1
103 109 76
1
101 106 74
1
61 169 141
1
64 172 146
1
101 105 73
1
88 93 60
1
238 118 17
0
1
79 174 150
0
1
239 121 18
0
1
61 174 147
0
1
239 132 19
0
1
58 170 144
0
1
180 199 191
1
56 169 140
1
61 148 121
0
1
70 152 126
1
78 75 53
1
80 75 54
1
80 77 54
0
1
79 76 54
1
82 78 56
0
1
207 206 202
0
1
86 83 63
1
209 208 204
1
198 196 190
1
76 74 52
1
77 74 49
0
0
1
84 78 54
1
85 79 56
0
1
180 177 167
1
153 150 137
0
1
174 172 162
1
182 180 174
0
1
98 94 74
1
169 167 156
1
176 175 164
1
91 86 63
1
86 81 56
1
157 155 146
0
1
79 75 51
1
83 78 55
0
1
182 181 171
0
0
1
179 177 166
1
184 181 171
1
91 86 67
1
112 107 75
1
166 162 150
1
239 142 19
0
1
57 168 141
0
1
238 112 17
0
1
57 167 140
0
1
72 154 128
1
73 68 49
1
78 74 52
1
84 80 56
1
70 152 126
1
85 81 57
1
80 76 54
1
84 78 56
1
66 146 121
0
0
1
72 68 49
1
75 70 50
0
0
1
76 71 51
1
75 71 50
0
0
1
78 75 53
1
75 70 49
0
0
1
79 75 51
1
79 74 54
0
0
1
77 73 52
1
81 76 54
0
0
1
81 78 55
1
81 76 55
0
1
132 127 103
1
107 101 69
1
111 105 71
0
0
1
90 82 48
1
104 97 63
0
0
1
108 102 68
1
111 105 72
0
0
1
93 87 52
1
96 90 57
0
0
1
89 83 48
1
92 86 52
0
0
1
85 78 44
1
92 85 50
0
0
1
97 90 56
1
177 174 165
1
152 147 131
0
1
171 168 159
1
176 173 166
0
1
102 97 67
1
166 163 155
1
167 164 153
1
96 91 57
1
89 80 48
1
152 149 137
0
1
81 75 39
1
94 88 54
1
75 69 38
1
163 160 149
1
157 153 143
1
68 60 33
1
77 70 37
1
95 89 55
0
0
1
87 81 45
1
162 157 145
1
163 159 148
1
83 75 42
1
79 71 39
1
43 164 153
0
1
59 56 37
0
1
45 162 152
1
46 143 133
1
63 64 48
1
47 149 137
1
45 163 154
1
43 156 148
0
1
46 160 153
1
46 163 154
1
43 163 152
0
1
43 163 155
0
1
52 44 30
1
49 47 33
1
47 40 27
0
1
57 52 36
1
46 44 31
1
51 46 31
0
1
55 49 34
1
60 59 42
1
53 49 34
0
1
54 53 38
1
55 53 38
1
51 54 40
1
46 151 142
1
57 61 47
1
54 50 36
1
52 60 46
1
43 154 144
1
52 65 50
1
67 61 44
1
59 73 58
1
41 155 147
1
63 82 67
1
60 53 37
0
1
45 159 147
0
1
68 61 42
0
1
63 171 143
0
1
78 69 49
0
1
63 172 146
0
1
66 57 40
0
1
64 175 148
0
1
63 57 39
0
1
62 170 142
0
1
75 70 49
1
63 143 118
1
63 172 145
1
67 152 126
1
65 64 45
1
62 151 124
1
64 173 147
1
63 155 129
1
73 77 56
1
65 161 134
1
62 167 141
1
63 165 138
1
74 84 62
1
63 167 140
1
61 166 138
1
62 164 139
0
1
62 169 140
1
62 166 138
1
64 171 144
0
1
62 172 144
1
63 147 118
1
74 69 49
1
75 71 51
1
77 74 52
1
61 161 133
1
77 82 60
1
65 60 43
1
71 80 60
0
1
63 173 146
0
1
81 73 50
0
1
64 173 145
1
73 116 90
1
84 76 53
0
1
61 170 142
0
1
77 69 48
0
1
62 172 143
0
1
89 81 57
1
62 170 143
0
1
80 71 49
0
1
63 173 147
0
1
79 71 49
0
1
64 175 149
0
1
79 71 51
0
1
63 174 148
0
1
75 66 46
0
1
62 173 145
0
1
81 73 51
0
1
57 164 134
0
1
93 84 58
0
1
56 165 136
0
1
79 70 51
1
77 126 99
1
78 69 49
1
69 65 46
1
144 137 105
1
138 131 100
1
64 175 147
0
1
128 119 87
1
128 132 100
1
28 149 143
0
1
248 163 0
0
1
28 153 145
0
1
248 164 0
0
1
25 143 138
0
1
248 161 1
0
1
25 146 139
0
1
247 162 0
0
1
28 149 143
0
1
248 165 0
0
1
22 136 129
0
1
248 163 0
0
1
26 144 137
0
1
247 164 0
0
1
24 141 135
0
1
247 161 1
0
1
49 161 135
0
1
248 160 0
0
1
51 164 137
0
1
247 155 0
0
1
49 163 135
0
1
247 154 0
0
1
50 162 134
0
1
247 158 0
0
1
53 164 138
0
1
247 161 0
0
1
52 165 138
0
1
248 157 1
0
1
48 161 133
0
1
247 155 0
0
1
53 166 140
0
1
247 155 1
0
1
52 165 138
0
1
248 159 0
0
1
50 164 136
0
1
249 157 1
0
1
52 166 140
0
1
248 168 0
0
1
52 166 139
0
1
247 156 0
0
1
244 155 1
0
1
231 222 209
1
245 158 5
0
1
228 230 230
1
227 230 233
0
1
232 232 228
0
0
1
234 234 236
1
231 226 215
1
244 161 12
1
245 163 0
0
1
231 232 227
1
231 227 218
0
1
231 231 232
1
229 228 224
1
243 167 32
1
245 156 0
0
0
1
244 158 0
1
243 155 4
1
230 224 213
0
1
241 154 20
1
243 138 9
1
247 51 35
0
0
1
246 52 30
1
245 52 30
0
0
1
248 49 30
0
0
0
1
246 52 32
1
245 47 22
0
0
1
246 48 24
1
246 54 33
1
248 133 15
1
246 54 43
1
245 61 46
1
243 149 4
1
243 162 0
1
245 68 41
1
245 88 33
1
244 170 1
0
1
205 207 206
1
207 205 200
1
240 162 28
1
244 157 0
1
211 199 178
0
1
246 169 1
0
0
1
224 56 28
1
226 59 31
0
0
1
226 59 31
1
225 58 31
0
0
1
223 55 28
1
223 54 29
1
244 127 16
1
245 58 45
1
245 56 43
1
243 142 8
0
0
1
246 61 44
1
225 59 32
0
0
1
247 55 37
1
247 62 45
0
0
1
224 57 31
1
225 56 29
0
0
1
222 53 26
1
224 57 28
0
0
1
249 67 50
1
247 60 44
0
0
1
247 60 43
1
246 60 44
0
0
1
248 66 50
1
248 64 47
0
0
1
248 62 46
1
249 59 42
0
0
1
250 70 58
1
248 66 49
0
0
1
249 68 54
1
247 62 44
0
0
1
248 68 52
1
248 65 51
0
0
1
248 67 51
1
248 62 47
0
0
1
248 75 63
1
249 69 54
0
0
1
249 73 58
1
250 76 62
0
0
1
250 73 60
1
248 68 53
0
0
1
248 74 61
1
250 70 57
1
221 206 191
1
216 215 209
1
214 213 208
0
0
1
215 219 215
1
210 211 207
0
1
254 146 24
1
218 210 198
0
1
254 139 9
1
254 133 13
0
0
1
254 133 17
0
1
205 208 204
1
193 195 193
0
1
249 141 33
1
188 187 179
1
203 186 163
1
254 142 14
1
254 136 10
0
0
1
254 132 17
0
1
255 152 18
1
254 153 16
0
0
1
247 108 7
1
246 101 7
0
0
1
246 122 8
1
247 119 8
1
209 193 178
1
211 198 187
1
245 121 13
1
243 112 16
1
207 201 191
1
206 201 193
1
243 125 24
1
244 141 36
1
203 203 197
1
199 199 195
1
239 129 38
0
1
200 202 199
1
201 203 200
0
0
1
206 210 208
1
195 198 195
0
0
1
194 198 194
0
1
192 193 190
1
190 193 187
0
1
250 154 37
1
195 193 187
1
200 183 165
1
254 131 11
1
254 135 11
0
0
1
254 130 13
0
1
198 195 190
1
198 198 194
0
0
1
191 195 193
1
196 195 190
1
247 148 38
1
254 136 17
1
207 194 179
0
1
254 142 11
1
248 62 46
1
247 60 43
0
0
1
254 141 25
1
247 62 46
0
1
254 141 15
1
254 134 10
0
0
1
255 133 12
1
254 141 21
0
1
253 155 44
1
254 138 20
1
248 63 47
1
247 58 46
0
0
1
247 57 40
1
246 59 42
0
0
0
1
254 143 10
1
254 145 11
0
1
236 223 213
1
254 138 16
1
254 136 30
1
232 229 225
1
232 233 232
0
0
1
231 236 235
1
230 233 233
0
0
1
233 235 236
0
1
231 234 233
1
232 237 237
0
1
229 140 36
1
228 141 37
1
53 176 151
1
55 170 142
1
229 142 35
1
228 138 35
1
56 169 143
1
58 174 149
1
229 132 33
1
227 146 37
1
59 174 148
1
59 174 151
1
228 138 34
1
229 141 35
1
56 171 144
1
54 167 141
1
56 168 142
0
1
246 129 16
0
1
59 173 148
0
1
245 144 19
0
1
58 172 146
0
1
246 134 18
0
1
60 175 149
0
1
246 130 15
0
1
242 98 11
1
243 94 11
1
73 164 133
1
73 164 134
1
244 118 16
1
242 103 13
1
75 167 139
1
72 164 133
1
244 113 14
1
243 113 13
1
74 165 135
1
75 169 140
1
244 111 14
1
243 104 13
1
71 162 131
1
73 165 134
1
242 99 10
1
242 103 13
1
72 164 133
1
74 164 135
1
242 101 11
1
242 103 13
1
71 163 131
1
72 163 131
1
243 101 13
1
242 91 10
1
75 167 138
1
73 164 136
1
242 95 11
1
244 107 13
1
72 163 133
1
75 168 138
1
252 138 21
1
252 135 21
1
74 165 134
1
75 168 136
1
251 131 18
1
252 133 20
1
73 166 134
1
73 166 135
1
252 148 25
1
251 140 24
1
76 168 138
1
74 168 136
1
251 140 22
1
243 106 12
1
75 167 139
1
74 166 132
1
252 134 20
1
252 143 24
1
77 173 143
1
80 176 145
1
252 137 20
1
252 136 21
1
76 169 139
1
76 171 140
1
251 131 18
1
252 131 19
1
81 176 148
1
77 172 143
1
250 136 21
1
251 146 24
1
78 172 141
1
80 173 145
1
246 115 8
0
0
1
247 122 10
1
207 188 173
1
201 201 195
1
199 198 194
0
0
1
199 204 200
1
197 200 197
0
1
208 209 207
0
0
1
203 204 201
1
201 203 198
0
0
1
211 212 206
1
201 201 195
0
0
1
202 200 195
0
1
248 116 10
1
247 114 9
0
1
248 117 11
0
1
60 170 144
0
1
83 164 131
1
248 122 13
1
246 112 10
0
1
80 165 130
1
247 117 11
1
246 118 12
1
79 163 131
1
79 164 130
1
248 128 15
1
245 117 11
1
81 168 138
1
79 169 136
1
244 115 12
1
245 127 16
1
76 165 134
1
248 119 10
0
1
56 166 137
0
0
1
63 170 144
1
61 168 142
0
1
75 163 133
1
244 124 16
1
242 112 13
1
74 166 134
1
74 167 135
1
244 119 16
1
243 122 17
1
72 165 134
1
239 123 18
0
1
61 173 148
0
1
239 127 18
0
1
65 179 154
0
1
72 167 135
1
243 123 16
1
244 138 20
1
73 169 140
1
74 173 144
1
242 122 17
1
236 126 25
1
69 166 135
0
1
75 70 50
1
77 74 54
1
79 74 52
1
67 148 122
1
86 78 56
1
117 112 80
1
122 116 84
1
244 118 18
1
205 200 189
0
1
246 113 6
1
247 127 9
0
0
1
246 126 14
1
247 116 12
0
1
58 169 142
0
1
247 118 11
0
1
58 168 139
0
0
1
210 204 200
1
204 204 199
1
69 172 145
1
55 166 137
1
160 176 165
1
123 164 148
1
60 171 144
1
62 172 146
1
62 170 142
1
118 122 89
1
120 125 91
1
243 112 13
1
243 118 14
1
72 163 133
1
73 162 132
1
242 109 13
1
245 116 16
1
71 163 133
1
72 164 133
1
243 113 14
1
244 114 15
1
72 166 135
1
74 165 135
1
246 121 15
0
1
61 170 142
1
73 163 132
0
1
157 156 147
1
163 162 153
1
120 114 90
1
159 156 144
1
158 155 144
1
76 69 40
1
76 69 37
1
155 152 140
1
162 157 148
1
85 78 43
1
81 75 43
1
54 167 142
0
1
248 166 1
0
1
224 163 26
1
224 165 30
1
57 170 145
1
55 165 141
1
56 167 140
0
1
61 172 145
1
62 167 140
1
52 166 141
0
1
249 159 1
0
1
55 167 142
0
1
248 165 0
0
1
223 161 26
1
223 163 27
1
55 166 140
1
54 164 139
1
224 163 28
1
224 159 29
1
55 167 141
1
56 169 144
1
223 163 27
1
224 163 28
1
57 170 145
1
55 166 139
1
225 174 30
1
224 169 28
1
58 171 147
1
60 173 150
1
224 171 29
1
224 168 27
1
55 165 140
1
52 162 134
1
223 167 28
1
224 167 29
1
55 167 141
1
54 166 139
1
224 162 29
1
224 168 28
1
53 165 139
1
57 168 144
1
223 161 27
1
223 164 28
1
55 168 143
1
53 163 137
1
228 140 33
1
228 140 36
1
55 169 144
1
57 170 145
1
229 137 34
1
228 146 36
1
52 165 139
1
53 165 137
1
228 141 33
1
229 139 35
1
53 166 140
1
55 168 141
1
224 159 27
1
224 169 30
1
51 163 135
1
54 164 138
1
229 143 36
1
229 139 35
1
58 172 146
1
56 169 143
1
229 143 37
1
229 139 35
1
59 173 149
1
55 168 143
1
228 141 35
1
228 144 37
1
58 172 146
1
59 171 145
1
228 135 32
1
228 140 34
1
56 170 145
1
54 167 140
1
230 141 37
1
228 132 33
1
58 172 147
1
61 175 151
1
229 126 32
1
229 132 33
1
57 172 146
1
56 170 143
1
228 142 36
1
229 139 34
1
57 171 146
1
57 169 144
1
229 134 33
1
229 146 39
1
56 172 145
1
56 171 145
1
228 142 36
1
228 137 33
1
55 169 144
1
58 171 146
1
230 141 37
1
229 146 36
1
59 174 150
1
62 179 155
1
229 134 33
1
229 139 35
1
60 173 148
1
61 176 153
1
228 132 31
1
228 139 36
1
59 174 148
1
55 168 143
1
228 134 33
1
229 135 32
1
54 165 140
1
54 167 140
1
227 140 34
1
228 145 36
1
56 169 144
1
57 171 144
1
228 138 35
1
228 136 34
1
56 170 144
1
55 167 141
1
229 142 34
1
229 141 35
1
56 169 142
1
57 172 146
1
61 175 150
0
1
245 130 18
0
1
62 177 154
0
1
246 124 16
0
1
58 172 146
0
1
246 135 18
0
1
59 174 149
0
1
245 135 18
0
1
246 134 21
1
251 139 22
1
80 174 146
1
78 170 141
1
252 138 21
1
251 139 21
1
79 171 144
1
75 169 138
1
252 137 21
1
252 137 21
1
80 177 147
1
79 173 144
1
252 142 24
1
251 145 24
1
77 169 140
1
78 173 142
1
37 36 34
1
152 152 152
1
33 32 28
1
39 40 35
1
214 213 211
1
176 175 171
1
40 39 37
1
52 51 47
1
168 157 139
1
132 125 107
1
254 242 200
1
253 248 208
1
105 103 90
1
74 74 66
1
230 217 182
1
246 231 190
1
45 44 39
1
29 31 28
1
185 178 152
1
206 197 168
1
16 20 21
1
10 14 17
1
122 116 102
1
155 149 127
1
228 217 187
1
224 213 183
1
159 149 122
1
167 156 128
1
224 211 179
1
218 205 171
1
160 148 122
1
165 155 128
1
238 226 188
1
220 207 165
1
162 153 122
1
220 209 177
1
221 207 168
1
226 213 179
1
158 150 114
1
151 145 111
1
163 130 89
1
255 209 145
1
255 202 132
1
166 136 98
1
157 116 72
1
255 191 119
1
254 191 124
1
162 123 80
1
173 136 94
1
253 196 129
1
255 197 127
1
174 137 93
1
166 133 92
1
254 195 125
1
255 189 113
1
167 123 74
1
173 127 75
1
254 187 108
1
254 190 116
1
180 138 90
1
174 133 89
1
253 193 123
1
255 195 123
1
180 140 91
1
178 135 80
1
255 191 117
1
255 186 108
1
180 131 75
1
97 84 68
1
105 91 78
1
14 23 30
1
25 35 36
1
99 88 70
1
100 87 71
1
25 30 34
1
20 29 36
1
192 146 97
1
254 187 109
1
252 184 109
1
143 110 75
1
63 60 53
1
216 160 99
1
147 114 83
1
27 40 48
1
225 173 115
1
253 199 127
1
249 189 119
1
152 120 82
1
9 108 114
1
0 99 104
1
113 160 166
1
0 93 103
1
59 132 138
1
232 242 243
1
255 255 255
1
181 206 210
1
0 97 106
1
81 145 154
1
172 203 206
1
0 110 117
1
55 136 140
1
234 239 242
1
255 255 255
1
117 168 169
1
2 100 111
1
115 164 168
1
153 184 187
1
0 97 106
1
6 110 113
1
189 209 210
1
222 228 228
1
47 124 132
1
98 153 156
1
134 175 177
1
255 255 255
1
255 255 255
1
160 191 193
1
190 211 214
1
255 255 253
1
254 254 252
1
0 103 108
1
11 108 114
1
196 216 217
1
169 193 195
1
40 119 126
1
69 134 140
1
241 245 248
1
221 232 234
1
0 106 109
1
1 96 102
1
96 151 156
1
47 126 131
1
0 94 100
1
0 97 106
1
134 174 176
1
123 167 170
1
61 131 139
1
156 193 199
1
255 254 255
1
229 239 241
1
13 114 122
1
0 96 103
1
113 162 167
1
0 101 106
1
103 120 66
1
125 130 63
1
255 178 39
1
254 195 101
1
53 126 117
1
78 122 87
1
244 219 165
1
231 232 216
1
152 138 65
1
176 138 55
1
254 143 0
1
255 158 2
1
255 225 187
1
249 192 125
1
253 255 254
1
255 255 255
1
248 170 69
1
248 164 16
1
255 234 213
1
255 251 245
1
7 109 113
1
30 121 126
1
211 226 229
1
193 214 217
1
0 101 106
1
2 105 110
1
164 193 197
1
139 183 186
1
93 148 151
1
243 245 242
1
255 251 248
1
140 181 183
1
1 104 113
1
98 151 157
1
139 178 177
1
0 111 118
1
10 119 122
1
179 201 199
1
214 219 222
1
45 127 138
1
70 120 95
1
222 153 0
1
253 182 28
1
223 162 9
1
69 122 102
1
222 160 17
1
253 165 3
1
222 159 20
1
252 165 0
1
242 180 81
1
236 194 122
1
244 153 2
1
242 151 0
1
235 206 166
1
229 216 200
1
243 165 31
1
68 119 110
1
221 153 16
1
255 159 2
1
220 147 19
1
68 114 101
1
221 153 18
1
253 159 2
1
220 145 18
1
241 176 76
1
229 230 225
1
230 235 239
1
236 191 123
1
245 167 0
1
243 186 81
1
241 204 133
1
247 166 0
1
245 163 0
1
235 212 168
1
232 220 204
1
243 171 33
1
239 182 79
1
235 231 228
1
228 237 242
1
237 193 128
1
246 164 2
1
240 183 80
1
237 195 123
1
246 169 1
1
247 160 3
1
237 210 167
1
233 221 205
1
245 167 33
1
68 127 105
1
218 147 21
1
255 154 0
1
218 149 20
1
67 118 101
1
218 150 17
1
254 153 1
1
218 143 18
1
69 122 106
1
221 152 25
1
255 150 0
1
218 143 16
1
69 119 108
1
219 162 23
1
255 163 0
1
220 156 24
1
69 118 99
1
217 142 14
1
254 153 1
1
221 144 26
1
67 118 103
1
218 139 18
1
253 166 0
1
221 157 23
1
48 115 108
1
71 115 100
1
232 161 9
1
220 152 19
1
88 123 90
1
108 130 84
1
250 173 0
1
242 177 1
1
128 126 77
1
147 135 63
1
255 151 0
1
255 154 2
1
165 142 48
1
184 152 51
1
255 170 1
1
254 165 0
1
1 103 118
1
0 101 116
1
127 130 75
1
104 130 85
1
0 100 110
1
0 108 115
1
171 139 54
1
148 125 55
1
12 121 126
1
31 117 118
1
209 153 30
1
189 152 45
1
249 173 28
1
246 158 0
1
250 220 168
1
255 238 220
1
253 205 141
1
247 178 77
1
254 253 251
1
255 255 255
1
246 151 0
1
246 147 1
1
248 193 103
1
253 212 158
1
54 122 109
1
65 120 101
1
232 169 12
1
225 158 18
1
26 110 110
1
42 117 110
1
214 154 24
1
204 155 34
1
3 120 129
1
12 115 120
1
196 148 46
1
180 151 59
1
0 122 137
1
0 120 129
1
165 140 60
1
150 135 66
1
251 208 153
1
247 192 89
1
255 254 255
1
255 255 255
1
247 149 0
1
248 153 1
1
247 176 70
1
252 198 128
1
248 172 37
1
245 151 1
1
252 221 177
1
255 245 227
1
246 153 0
1
245 155 0
1
252 203 136
1
252 223 183
1
250 197 101
1
247 168 37
1
255 242 226
1
254 254 254
1
79 95 69
1
28 36 39
1
67 62 43
1
223 147 1
1
78 113 91
1
94 128 93
1
253 165 3
1
239 165 4
1
29 35 47
1
32 40 43
1
19 35 48
1
141 99 27
1
243 164 1
1
102 81 36
1
221 143 7
1
254 169 1
1
185 124 17
1
33 37 46
1
140 100 28
1
254 167 0
1
11 37 34
1
16 40 40
1
157 54 47
1
160 63 56
1
20 41 44
1
8 34 33
1
157 63 55
1
160 59 51
1
18 39 40
1
25 50 47
1
167 76 71
1
161 71 63
1
20 40 39
1
14 36 34
1
151 60 55
1
166 69 62
1
187 76 69
1
134 61 54
1
8 37 35
1
30 41 45
1
255 86 71
1
244 71 57
1
92 43 39
1
209 77 65
1
254 74 57
1
197 61 49
1
64 40 38
1
231 77 65
1
25 34 49
1
15 42 49
1
153 54 57
1
179 108 18
1
18 39 40
1
19 41 38
1
157 58 52
1
158 49 44
1
255 188 69
1
255 113 67
1
252 215 196
1
254 252 237
1
9 37 40
1
8 37 35
1
160 62 59
1
161 64 58
1
15 36 39
1
15 36 37
1
157 67 58
1
159 60 54
1
253 114 109
1
251 61 45
1
251 89 78
1
254 220 219
1
254 191 186
1
252 72 57
1
253 154 149
1
255 255 253
1
247 184 53
1
248 165 0
1
253 231 194
1
254 245 236
1
252 214 169
1
252 206 110
1
255 254 255
1
254 255 255
1
29 33 44
1
30 35 39
1
14 31 47
1
133 89 24
1
241 168 3
1
96 79 35
1
215 153 8
1
254 184 1
1
175 120 17
1
27 37 46
1
138 105 28
1
253 164 0
1
98 73 42
1
19 35 48
1
52 48 37
1
216 149 6
1
251 205 119
1
250 192 59
1
253 249 240
1
255 255 255
1
248 178 4
1
248 167 0
1
253 212 146
1
253 234 201
1
253 218 176
1
252 207 122
1
254 255 255
1
255 255 253
1
253 85 72
1
255 101 89
1
233 58 39
1
253 151 146
1
255 242 239
1
188 104 102
1
215 216 218
1
255 254 255
1
153 153 153
1
117 117 117
1
203 203 201
1
254 255 255
1
174 176 173
1
10 10 10
1
125 126 121
1
253 253 253
1
81 83 80
1
14 15 17
1
41 41 41
1
211 207 206
1
12 12 12
1
31 33 32
1
4 4 4
1
120 120 120
1
234 234 234
1
76 76 76
1
208 208 208
1
255 255 255
1
171 171 171
1
17 17 17
1
113 113 113
1
254 254 254
1
240 181 79
1
228 227 225
1
225 233 236
1
236 194 122
1
243 148 2
1
237 176 85
1
239 201 128
1
244 151 0
1
245 161 0
1
236 213 172
1
234 223 205
1
244 171 33
1
239 173 79
1
229 228 224
1
228 233 236
1
234 193 127
1
242 143 0
1
239 173 77
1
238 195 126
1
244 148 1
1
243 159 1
1
237 210 167
1
232 216 200
1
241 159 21
1
236 168 71
1
228 225 220
1
229 232 241
1
237 197 125
1
243 143 3
1
238 174 74
1
236 188 124
1
246 147 1
1
243 152 0
1
234 205 165
1
233 217 201
1
242 155 26
1
233 209 175
1
242 148 0
1
244 156 4
1
240 183 93
1
229 238 245
1
230 212 188
1
238 181 112
1
232 235 240
1
236 221 200
1
241 159 23
1
244 162 0
1
238 200 125
1
252 229 197
1
254 255 255
1
246 247 249
1
236 197 128
1
226 159 70
1
213 214 216
1
213 207 193
1
238 162 40
1
246 171 2
1
218 194 158
1
221 181 119
1
245 149 3
1
229 177 102
1
210 214 217
1
213 210 203
1
235 166 65
1
242 161 17
1
217 201 176
1
218 191 146
1
245 156 2
1
232 228 216
1
241 176 50
1
244 160 0
1
239 206 153
1
228 227 222
1
239 176 70
1
243 161 0
1
237 213 175
1
246 146 0
1
226 178 112
1
232 167 73
1
245 139 1
1
228 186 126
1
203 211 214
1
201 205 204
1
228 169 77
1
234 155 37
1
209 199 187
1
217 197 162
1
243 158 3
1
238 177 71
1
228 227 222
1
226 231 235
1
237 186 121
1
241 144 1
1
238 179 75
1
235 186 120
1
243 149 0
1
247 165 3
1
234 205 165
1
232 221 199
1
243 167 29
1
226 231 234
1
237 180 101
1
239 148 7
1
231 211 187
1
238 185 115
1
247 149 0
1
246 156 0
1
240 159 24
1
229 236 242
1
235 189 130
1
242 169 41
1
229 223 207
1
233 194 137
1
244 151 0
1
245 146 1
1
238 156 48
1
228 237 244
1
234 202 155
1
240 176 70
1
228 227 223
1
233 210 169
1
246 159 0
1
245 152 0
1
238 179 87
1
230 235 241
1
236 216 181
1
243 178 98
1
222 231 228
1
231 215 192
1
242 153 9
1
244 153 0
1
237 185 112
1
240 174 77
1
231 230 225
1
229 237 239
1
240 193 121
1
245 154 1
1
242 180 69
1
237 190 118
1
243 149 0
1
244 155 1
1
236 209 162
1
226 218 199
1
244 160 26
1
235 163 65
1
227 223 220
1
227 231 234
1
237 184 114
1
245 145 5
1
241 174 67
1
237 191 116
1
246 153 0
1
245 161 1
1
233 211 162
1
230 222 199
1
246 167 23
1
69 126 111
1
218 151 21
1
255 174 0
1
219 161 18
1
66 121 102
1
218 154 18
1
254 169 0
1
220 157 18
1
68 115 105
1
218 153 23
1
253 164 0
1
215 140 15
1
71 119 105
1
216 141 14
1
255 155 0
1
217 149 14
1
77 132 100
1
219 152 19
1
254 153 3
1
219 146 15
1
80 144 110
1
217 153 19
1
255 152 0
1
218 142 22
1
78 131 101
1
218 144 21
1
255 146 0
1
216 148 15
1
78 133 101
1
222 158 24
1
254 155 2
1
218 152 16
1
78 141 110
1
217 148 19
1
255 152 1
1
219 152 19
1
78 142 105
1
220 156 24
1
253 161 0
1
220 150 20
1
79 138 106
1
219 155 23
1
250 161 0
1
221 152 22
1
78 147 118
1
219 152 22
1
255 147 4
1
219 150 20
1
79 144 112
1
222 155 24
1
254 160 0
1
220 151 21
1
79 146 111
1
219 161 27
1
255 160 1
1
218 156 21
1
75 138 107
1
219 157 24
1
255 168 0
1
221 155 19
1
77 142 110
1
217 146 20
1
255 155 0
1
220 161 25
1
80 147 114
1
216 151 21
1
255 147 4
1
216 151 23
1
73 142 111
1
217 152 24
1
255 152 0
1
219 151 24
1
75 147 110
1
220 158 23
1
255 158 0
1
218 148 26
1
77 144 111
1
219 145 20
1
254 148 0
1
218 151 21
1
74 146 109
1
216 158 22
1
253 159 2
1
218 148 24
1
77 151 118
1
220 163 24
1
254 150 1
1
219 159 26
1
77 152 119
1
219 161 25
1
255 164 3
1
217 161 24
1
76 145 116
1
217 152 22
1
255 162 0
1
217 147 23
1
30 155 159
1
58 90 79
1
71 55 30
1
57 95 82
1
23 156 163
1
49 91 87
1
62 45 29
1
50 95 90
1
22 156 165
1
47 99 95
1
56 42 29
1
47 103 100
1
19 161 165
1
43 104 105
1
67 56 38
1
50 121 115
1
18 160 170
1
44 118 117
1
65 58 40
1
42 121 118
1
18 161 169
1
38 119 120
1
62 61 43
1
41 133 132
1
15 155 168
1
39 130 133
1
64 71 53
1
36 136 136
1
45 157 145
1
47 90 80
1
49 32 22
1
49 95 82
1
47 169 158
1
52 106 93
1
58 47 29
1
54 110 99
1
46 167 152
1
52 113 106
1
41 38 23
1
42 112 101
1
43 151 136
1
62 89 72
1
63 46 28
1
58 90 77
1
41 159 143
1
58 96 83
1
69 52 34
1
59 100 86
1
42 167 151
1
59 106 90
1
66 55 37
1
61 114 98
1
46 170 160
1
53 114 99
1
64 51 35
1
57 118 103
1
51 50 48
1
176 176 178
1
29 31 30
1
24 23 19
1
215 215 215
1
149 149 147
1
23 23 21
1
49 51 50
1
254 195 117
1
157 118 75
1
150 112 73
1
254 194 122
1
255 193 118
1
154 110 71
1
156 115 71
1
253 194 116
1
255 195 123
1
165 130 88
1
167 129 90
1
255 195 130
1
254 197 126
1
165 127 82
1
171 134 82
1
255 195 123
1
14 15 20
1
14 15 19
1
149 144 124
1
117 111 95
1
26 27 29
1
40 40 38
1
205 195 159
1
179 172 144
1
59 56 47
1
92 89 74
1
245 231 192
1
226 212 173
1
131 124 106
1
159 151 128
1
255 248 204
1
255 243 201
1
220 209 177
1
224 213 181
1
143 132 100
1
149 138 108
1
227 213 178
1
241 227 182
1
232 221 193
1
154 143 115
1
223 210 175
1
226 214 176
1
155 147 111
1
156 147 118
1
221 208 173
1
222 212 177
1
160 149 121
1
162 153 120
1
255 189 118
1
169 131 82
1
175 137 92
1
255 191 121
1
255 203 135
1
178 149 109
1
181 146 104
1
255 208 142
1
255 204 138
1
179 144 104
1
181 143 96
1
255 199 130
1
255 191 117
1
183 137 88
1
187 144 99
1
254 203 137
1
255 209 149
1
184 146 101
1
134 99 71
1
252 193 125
1
214 168 109
1
47 47 39
1
6 14 16
1
143 116 86
1
252 211 149
1
229 183 131
1
153 123 87
1
250 194 133
1
94 81 65
1
95 80 59
1
11 18 24
1
16 23 29
1
98 87 69
1
94 77 59
1
21 25 34
1
22 27 31
1
95 80 59
1
92 80 64
1
15 23 26
1
16 21 27
1
85 120 96
1
73 117 94
1
221 152 0
1
228 143 1
1
23 20 27
1
37 49 47
1
124 76 12
1
2 20 32
1
21 25 37
1
168 121 15
1
241 174 0
1
131 99 22
1
8 19 39
1
83 60 28
1
198 129 2
1
54 44 34
1
92 74 24
1
231 166 0
1
239 163 0
1
203 142 0
1
19 22 31
1
177 124 18
1
236 158 0
1
129 90 15
1
3 14 32
1
86 58 21
1
206 138 5
1
58 50 29
1
20 27 35
1
30 29 34
1
140 99 19
1
5 16 34
1
225 164 84
1
230 191 136
1
233 238 241
1
231 231 229
1
225 149 1
1
226 152 27
1
228 214 203
1
227 199 159
1
101 78 24
1
228 158 0
1
242 165 0
1
212 148 0
1
234 185 93
1
231 203 153
1
236 238 250
1
230 230 230
1
225 134 2
1
220 134 0
1
231 212 172
1
231 193 122
1
226 145 37
1
227 172 89
1
230 232 229
1
234 226 213
1
7 27 25
1
16 30 30
1
123 43 36
1
120 46 45
1
18 33 36
1
10 30 29
1
124 45 38
1
126 47 42
1
8 26 26
1
7 22 25
1
122 47 44
1
116 38 34
1
8 29 30
1
1 22 39
1
128 51 21
1
121 34 42
1
206 59 43
1
223 128 48
1
229 228 208
1
212 146 132
1
201 48 40
1
215 122 117
1
230 217 209
1
201 86 79
1
13 29 29
1
15 31 30
1
124 49 46
1
126 51 48
1
11 26 29
1
11 29 31
1
129 54 48
1
127 52 47
1
18 29 33
1
10 30 28
1
123 48 42
1
129 52 46
1
8 26 26
1
7 25 25
1
128 50 46
1
126 45 41
1
205 68 60
1
205 67 57
1
188 63 57
1
93 42 39
1
185 61 59
1
198 54 45
1
192 54 43
1
86 40 40
1
0 117 127
1
1 123 138
1
141 134 66
1
151 140 58
1
15 120 123
1
3 116 122
1
164 139 49
1
176 137 44
1
43 132 128
1
30 121 124
1
181 132 30
1
192 134 26
1
63 129 117
1
54 142 130
1
208 148 26
1
210 148 11
1
31 131 129
1
15 127 131
1
172 141 51
1
190 143 39
1
0 127 136
1
0 124 138
1
136 129 75
1
159 147 65
1
2 113 124
1
0 116 133
1
98 130 93
1
117 126 83
1
227 147 0
1
223 140 0
1
227 190 135
1
226 171 81
1
229 161 64
1
228 188 116
1
232 238 236
1
230 230 222
1
221 133 0
1
221 138 8
1
231 211 186
1
231 193 146
1
165 137 54
1
151 142 67
1
240 163 0
1
236 135 3
1
135 140 74
1
116 132 87
1
233 156 0
1
239 162 0
1
101 135 102
1
83 127 102
1
215 131 0
1
230 152 0
1
67 134 116
1
48 134 125
1
201 147 23
1
212 143 6
1
224 151 20
1
225 164 75
1
228 228 226
1
228 215 196
1
225 180 125
1
225 205 172
1
229 236 242
1
231 236 239
1
222 134 1
1
225 144 0
1
230 199 155
1
227 178 102
1
216 115 1
1
224 141 9
1
227 210 192
1
220 185 143
1
224 161 64
1
225 179 119
1
232 237 243
1
228 228 218
1
141 139 140
1
140 139 137
1
237 233 230
1
246 246 244
1
0 0 0
1
111 112 107
1
214 216 213
1
63 62 60
1
16 17 19
1
27 27 29
1
154 154 152
1
9 13 14
1
208 118 110
1
235 235 233
1
236 245 244
1
227 216 212
1
178 60 50
1
231 191 181
1
245 244 240
1
191 156 152
1
26 26 26
1
187 187 185
1
245 245 243
1
146 146 144
1
105 105 103
1
237 237 235
1
242 242 240
1
217 217 215
1
0 0 0
1
110 110 108
1
220 219 217
1
58 58 56
1
0 106 112
1
2 107 113
1
131 172 176
1
152 186 187
1
34 123 129
1
5 113 116
1
175 201 200
1
193 209 209
1
156 127 49
1
141 125 66
1
234 134 0
1
231 127 2
1
73 116 86
1
53 116 108
1
212 207 188
1
219 189 135
1
116 122 74
1
97 121 73
1
228 169 69
1
225 142 2
1
224 141 0
1
224 156 49
1
232 225 215
1
228 209 177
1
227 179 103
1
230 199 153
1
235 240 246
1
231 236 240
1
0 120 123
1
13 124 131
1
0 129 134
1
103 160 167
1
150 185 189
1
56 136 145
1
213 223 222
1
249 244 240
1
0 117 121
1
1 122 130
1
113 167 167
1
132 176 179
1
66 135 142
1
39 128 134
1
205 217 215
1
224 229 225
1
17 120 125
1
0 111 115
1
156 186 188
1
177 197 198
1
178 198 197
1
151 187 187
1
245 240 237
1
245 242 235
1
122 172 173
1
92 156 158
1
233 229 228
1
243 234 235
1
0 124 130
1
16 125 132
1
2 120 130
1
102 166 168
1
215 224 223
1
54 145 150
1
165 191 192
1
249 239 238
1
81 156 159
1
0 127 134
1
0 128 134
1
157 192 194
1
222 228 228
1
77 152 158
1
138 182 185
1
249 246 241
1
177 198 199
1
8 119 128
1
51 140 148
1
211 221 220
1
228 229 224
1
91 155 157
1
138 179 183
1
244 239 235
1
90 149 155
1
1 116 123
1
0 112 123
1
132 176 177
1
175 199 201
1
7 118 125
1
44 137 142
1
207 217 216
1
233 232 230
1
91 161 163
1
133 183 184
1
245 237 234
1
173 199 196
1
6 117 126
1
45 142 148
1
211 220 219
1
231 233 230
1
90 159 164
1
135 176 180
1
244 240 237
1
88 153 159
1
0 122 133
1
0 125 134
1
135 174 179
1
175 196 199
1
4 123 129
1
46 133 140
1
208 218 219
1
232 232 230
1
87 152 156
1
133 178 181
1
248 240 237
1
175 196 199
1
5 128 136
1
44 146 151
1
208 220 218
1
235 234 232
1
91 162 166
1
133 178 183
1
247 242 239
1
87 152 158
1
1 113 125
1
0 125 134
1
133 178 183
1
175 205 207
1
5 134 140
1
42 143 151
1
208 224 224
1
230 232 231
1
90 161 167
1
130 178 182
1
244 239 235
1
99 174 167
1
21 147 135
1
19 147 134
1
136 187 180
1
176 203 198
1
31 146 133
1
56 146 136
1
207 219 215
1
229 231 228
1
95 158 150
1
135 180 173
1
241 236 233
1
175 202 197
1
30 141 132
1
56 149 139
1
206 218 214
1
229 231 226
1
94 165 157
1
136 187 182
1
245 237 234
1
95 166 160
1
12 138 126
1
13 141 128
1
134 183 179
1
173 202 198
1
25 139 129
1
56 149 139
1
206 221 216
1
229 231 228
1
91 162 154
1
135 184 178
1
243 238 235
1
172 203 197
1
28 148 138
1
58 154 143
1
205 220 217
1
233 233 233
1
92 166 153
1
131 185 172
1
241 237 236
1
89 161 150
1
9 125 112
1
0 127 108
1
131 182 175
1
169 202 195
1
22 132 119
1
54 141 132
1
201 216 209
1
227 228 223
1
91 171 160
1
133 188 183
1
240 236 235
1
166 201 194
1
26 144 130
1
53 149 138
1
204 216 212
1
226 228 225
1
92 169 161
1
131 188 179
1
244 236 233
1
59 152 141
1
206 217 213
1
142 190 178
1
15 140 126
1
77 159 145
1
216 218 215
1
160 191 183
1
19 129 118
1
102 165 156
1
224 220 219
1
183 204 197
1
38 148 135
1
124 171 165
1
228 220 217
1
199 210 206
1
51 147 135
1
7 138 124
1
136 186 177
1
68 155 146
1
20 141 126
1
194 189 185
1
90 153 145
1
67 150 142
1
160 167 159
1
149 169 160
1
39 146 136
1
26 146 136
1
129 167 156
1
2 128 114
1
125 168 161
1
52 148 137
1
23 133 122
1
134 181 173
1
231 223 220
1
203 213 205
1
60 145 138
1
22 132 119
1
165 194 190
1
97 164 157
1
8 129 112
1
182 204 201
1
239 229 228
1
229 228 226
1
108 178 168
1
42 154 140
1
188 207 203
1
119 170 163
1
4 130 116
1
181 172 165
1
106 162 151
1
78 151 142
1
177 178 170
1
161 172 164
1
51 138 130
1
34 148 138
1
149 176 167
1
205 190 185
1
202 189 183
1
225 83 73
1
225 88 78
1
207 194 186
1
209 196 187
1
226 85 75
1
224 82 72
1
206 193 185
1
209 194 187
1
223 85 74
1
223 83 70
1
214 199 194
1
208 195 189
1
224 90 79
1
227 93 84
1
219 208 204
1
222 208 205
1
230 93 83
1
229 96 87
1
207 194 188
1
205 192 184
1
223 82 73
1
226 85 76
1
211 201 192
1
210 196 193
1
231 93 83
1
230 91 84
1
201 186 183
1
205 190 183
1
225 82 74
1
221 80 71
1
193 180 172
1
201 188 180
1
210 79 71
1
203 72 64
1
198 185 177
1
192 179 171
1
210 79 69
1
214 83 75
1
187 172 165
1
183 170 162
1
202 71 61
1
205 74 64
1
195 182 176
1
195 184 178
1
205 77 68
1
200 72 61
1
213 200 194
1
221 208 202
1
228 87 77
1
227 86 76
1
204 189 184
1
206 191 186
1
202 68 57
1
219 81 71
1
201 187 184
1
196 182 179
1
202 74 63
1
201 70 60
1
195 182 176
1
194 179 172
1
204 74 61
1
203 75 64
1
191 176 169
1
186 173 165
1
211 83 74
1
202 74 65
1
189 176 170
1
188 175 167
1
207 79 70
1
205 78 69
1
160 147 138
1
168 154 143
1
202 74 63
1
202 74 63
1
184 170 161
1
184 171 163
1
205 77 66
1
205 77 66
1
196 183 177
1
197 184 178
1
211 83 74
1
212 84 75
1
193 182 176
1
200 189 185
1
209 82 73
1
201 74 65
1
202 189 183
1
190 177 169
1
200 74 62
1
211 84 75
1
191 176 169
1
192 177 170
1
201 75 63
1
200 74 62
1
174 161 153
1
176 163 154
1
193 76 59
1
185 70 52
1
180 170 160
1
174 164 155
1
189 73 58
1
193 76 59
1
179 168 162
1
191 178 172
1
193 78 60
1
189 73 58
1
186 173 165
1
170 160 150
1
188 73 55
1
197 80 63
1
187 172 165
1
191 178 172
1
210 82 73
1
213 82 74
1
194 179 174
1
184 171 163
1
205 77 66
1
209 78 70
1
179 166 158
1
181 166 159
1
202 74 65
1
202 74 63
1
181 168 160
1
186 176 166
1
188 73 55
1
194 74 60
1
137 167 157
1
31 133 120
1
22 140 126
1
111 153 143
1
190 183 175
1
104 167 156
1
71 149 136
1
175 180 173
1
190 176 173
1
185 172 166
1
195 78 60
1
190 75 56
1
182 171 165
1
195 178 168
1
199 69 47
1
199 79 62
1
155 161 151
1
39 136 127
1
25 136 127
1
135 97 88
1
106 94 80
1
14 139 133
1
22 152 144
1
76 122 111
1
178 167 161
1
185 175 166
1
202 82 66
1
194 74 58
1
188 178 169
1
179 169 160
1
198 81 64
1
203 83 67
1
175 165 156
1
190 177 169
1
192 72 56
1
196 76 60
1
196 183 175
1
190 180 170
1
205 88 71
1
203 83 67
1
179 64 46
1
67 143 130
1
35 142 132
1
154 75 60
1
132 96 84
1
20 150 142
1
13 148 141
1
105 123 111
1
199 48 21
1
136 90 77
1
113 111 99
1
202 56 33
1
146 189 182
1
235 225 223
1
216 218 217
1
76 163 154
1
18 140 129
1
159 191 188
1
83 154 146
1
14 132 120
1
164 193 188
1
236 231 228
1
224 224 222
1
94 164 156
1
36 151 138
1
176 203 198
1
106 167 159
1
5 137 124
1
192 208 205
1
239 234 230
1
234 226 224
1
116 177 170
1
51 152 144
1
195 205 204
1
131 184 178
1
7 145 129
1
66 153 144
1
204 213 208
1
182 203 198
1
35 145 136
1
90 167 159
1
16 144 131
1
9 135 123
1
129 184 178
1
169 198 194
1
23 134 125
1
52 149 138
1
204 216 214
1
225 230 226
1
88 164 154
1
130 181 176
1
237 233 232
1
223 233 232
1
230 240 239
1
241 146 140
1
237 144 139
1
231 241 240
1
231 241 240
1
241 144 138
1
239 144 138
1
224 233 230
1
223 232 229
1
239 142 136
1
240 145 139
1
225 234 231
1
223 233 232
1
237 144 139
1
239 142 136
1
232 242 241
1
231 243 243
1
241 143 142
1
240 141 136
1
241 247 245
1
215 230 225
1
202 149 145
1
251 144 138
1
255 46 23
1
179 81 68
1
149 116 111
1
255 63 46
1
232 242 243
1
233 244 240
1
242 148 140
1
242 144 141
1
229 241 239
1
233 245 243
1
240 149 144
1
240 151 145
1
249 66 48
1
116 131 126
1
80 140 130
1
231 68 53
1
214 77 67
1
52 145 137
1
23 143 133
1
186 99 92
1
153 114 109
1
6 150 140
1
4 158 148
1
122 125 118
1
251 205 0
1
248 118 43
1
249 93 53
1
250 185 9
1
248 161 6
1
248 72 49
1
246 63 49
1
248 147 13
1
247 74 40
1
247 83 55
1
249 171 3
1
248 170 2
1
246 83 52
1
249 80 49
1
250 178 8
1
250 180 7
1
55 150 142
1
196 207 203
1
212 214 209
1
76 156 147
1
97 163 159
1
221 222 217
1
226 227 221
1
116 175 169
1
137 190 182
1
233 239 237
1
250 145 139
1
171 142 138
1
0 146 133
1
120 116 107
1
143 113 102
1
1 151 139
1
15 152 144
1
170 96 87
1
192 88 79
1
29 146 137
1
49 139 129
1
210 86 76
1
228 75 67
1
69 134 126
1
91 133 123
1
240 70 55
1
252 65 48
1
114 121 113
1
138 107 102
1
255 58 43
1
255 60 42
1
161 101 93
1
4 158 146
1
111 128 120
1
128 114 105
1
2 156 146
1
5 152 142
1
153 104 97
1
180 101 94
1
18 145 134
1
35 145 134
1
201 97 86
1
217 89 76
1
57 143 134
1
80 137 128
1
232 81 70
1
244 72 60
1
99 125 114
1
247 64 50
1
248 164 14
1
248 178 18
1
251 81 58
1
246 93 49
1
247 186 9
1
250 197 3
1
250 104 44
1
255 56 37
1
189 91 82
1
161 102 96
1
255 59 43
1
254 64 50
1
124 113 109
1
92 132 124
1
240 73 57
1
221 80 70
1
62 145 137
1
40 157 149
1
198 85 81
1
165 104 99
1
16 162 152
1
4 164 156
1
134 127 117
1
255 62 47
1
138 113 106
1
106 122 112
1
245 62 48
1
230 78 65
1
73 140 131
1
46 153 147
1
204 90 80
1
248 182 0
1
247 101 44
1
247 87 51
1
248 181 6
1
252 165 10
1
247 70 52
1
246 53 44
1
246 141 14
1
249 184 6
1
250 89 45
1
250 90 64
1
250 177 12
1
251 162 18
1
248 77 67
1
247 62 59
1
248 143 25
1
177 92 85
1
21 148 141
1
1 161 149
1
145 115 105
1
112 128 118
1
7 161 153
1
19 150 144
1
75 132 123
1
250 67 49
1
150 107 100
1
122 121 116
1
253 72 61
1
237 75 62
1
84 133 127
1
54 140 131
1
213 87 73
1
187 93 83
1
25 146 137
1
5 152 142
1
159 105 95
1
123 114 107
1
252 65 48
1
255 64 45
1
148 108 100
1
168 95 86
1
255 60 43
1
255 56 40
1
192 91 79
1
248 95 38
1
247 181 0
1
249 192 0
1
249 113 37
1
12 159 153
1
96 139 130
1
116 126 118
1
0 154 143
1
0 146 135
1
139 110 104
1
163 106 95
1
7 151 142
1
27 153 142
1
186 99 92
1
205 87 77
1
44 145 137
1
250 73 65
1
247 151 28
1
251 165 18
1
251 81 64
1
64 141 131
1
222 78 69
1
235 73 60
1
91 142 127
1
122 130 107
1
246 65 48
1
254 62 47
1
140 119 98
1
202 57 36
1
99 119 108
1
69 135 125
1
176 59 39
1
158 72 57
1
39 139 131
1
22 146 138
1
134 92 80
1
200 48 25
1
110 102 91
1
85 125 116
1
191 56 36
1
175 68 52
1
60 147 141
1
38 155 147
1
154 86 75
1
198 138 128
1
129 145 135
1
101 172 164
1
183 188 181
1
175 177 172
1
68 158 148
1
47 161 151
1
159 176 170
1
129 169 160
1
33 153 143
1
21 142 133
1
106 159 153
1
250 97 63
1
251 191 15
1
250 205 0
1
250 111 54
1
249 190 8
1
247 174 7
1
252 83 54
1
250 93 62
1
247 116 46
1
249 201 7
1
250 94 53
1
250 80 55
1
249 95 85
1
247 91 79
1
238 217 212
1
237 216 213
1
245 82 73
1
248 91 82
1
235 216 212
1
230 209 204
1
249 97 92
1
247 89 80
1
231 210 205
1
236 217 213
1
251 87 77
1
253 97 84
1
235 215 214
1
245 216 212
1
46 161 128
1
165 206 192
1
179 205 194
1
55 160 129
1
67 163 135
1
199 214 207
1
213 222 217
1
86 172 147
1
96 163 145
1
224 224 222
1
229 228 224
1
117 171 157
1
137 183 170
1
235 234 229
1
239 232 226
1
155 193 182
1
250 193 15
1
251 106 59
1
248 84 59
1
251 189 16
1
249 177 17
1
251 182 17
1
247 76 58
1
250 82 56
1
255 72 56
1
169 114 93
1
139 124 105
1
255 69 54
1
247 77 64
1
103 135 112
1
75 146 116
1
225 82 68
1
201 91 74
1
49 148 119
1
32 151 121
1
175 108 92
1
144 129 108
1
24 158 125
1
38 147 118
1
105 167 146
1
249 88 78
1
255 92 82
1
234 217 210
1
240 219 218
1
244 86 74
1
245 87 76
1
238 212 213
1
236 215 212
1
244 86 75
1
249 89 75
1
235 214 211
1
238 214 212
1
248 242 242
1
173 205 194
1
142 190 174
1
246 242 239
1
236 237 232
1
115 183 162
1
89 171 149
1
218 227 222
1
201 214 207
1
62 156 132
1
38 145 115
1
175 203 191
1
247 242 239
1
179 205 196
1
152 193 179
1
243 238 235
1
238 233 230
1
120 179 161
1
93 168 145
1
232 233 228
1
41 159 127
1
115 182 164
1
134 191 174
1
40 159 127
1
34 152 118
1
158 200 188
1
182 209 200
1
49 160 127
1
64 76 56
1
67 157 132
1
62 74 60
1
62 49 32
1
69 77 62
1
68 158 132
1
58 75 59
1
57 44 28
1
60 173 145
1
59 157 132
1
62 81 61
1
65 158 131
1
57 71 56
1
63 152 130
1
61 75 58
1
57 39 27
1
59 172 142
1
59 153 127
1
54 75 58
1
64 160 133
1
61 74 57
1
62 152 126
1
55 67 55
1
48 31 21
1
54 66 52
1
68 154 127
1
66 77 60
1
58 44 31
1
175 188 178
1
69 165 138
1
59 163 136
1
160 191 175
1
210 205 201
1
128 183 164
1
103 175 155
1
204 203 198
1
191 201 192
1
83 173 148
1
65 168 141
1
175 193 181
1
204 205 200
1
101 179 157
1
82 176 150
1
183 195 191
1
168 191 183
1
64 173 144
1
57 171 145
1
148 189 173
1
84 93 74
1
72 160 136
1
82 95 69
1
87 73 47
1
63 158 126
1
75 88 68
1
76 59 39
1
75 95 70
1
62 179 152
1
69 142 115
1
81 78 59
1
66 144 120
1
61 180 152
1
65 154 126
1
71 84 64
1
66 156 128
1
188 119 52
1
130 175 155
1
104 185 166
1
58 163 132
1
203 159 64
1
72 175 145
1
47 174 153
1
71 175 142
1
200 128 56
1
70 164 138
1
46 175 155
1
71 170 142
1
201 142 62
1
74 181 151
1
50 182 161
1
74 170 143
1
200 167 60
1
74 169 139
1
43 173 147
1
75 175 141
1
203 149 63
1
75 174 145
1
48 174 152
1
70 167 136
1
204 199 195
1
111 179 158
1
85 177 152
1
185 191 181
1
172 194 181
1
71 157 130
1
75 98 72
1
157 177 166
1
149 146 137
1
68 60 37
1
67 61 39
1
124 122 107
1
165 163 150
1
76 71 49
1
69 65 40
1
138 136 121
1
205 204 199
1
148 145 130
1
132 129 112
1
208 207 202
1
197 196 191
1
110 107 88
1
97 92 70
1
184 184 176
1
180 177 168
1
89 85 60
1
80 76 49
1
156 154 142
1
177 174 165
1
113 110 91
1
100 97 78
1
175 172 163
1
156 154 142
1
86 84 63
1
71 66 46
1
139 137 125
1
190 190 182
1
126 123 104
1
109 106 87
1
171 168 159
1
168 166 154
1
99 97 76
1
90 85 63
1
166 164 152
1
191 187 176
1
102 97 78
1
92 87 68
1
173 169 157
1
154 150 138
1
78 76 51
1
68 66 43
1
137 133 121
1
199 138 57
1
69 164 132
1
43 173 147
1
69 164 134
1
201 143 61
1
68 161 132
1
41 167 143
1
65 165 131
1
199 133 57
1
69 158 130
1
41 168 147
1
70 167 136
1
199 140 62
1
73 169 141
1
46 176 150
1
72 169 138
1
68 88 63
1
149 139 129
1
150 148 135
1
68 52 27
1
59 54 34
1
144 137 127
1
128 126 113
1
63 58 38
1
66 61 39
1
143 140 131
1
154 152 140
1
71 67 42
1
72 68 43
1
151 149 136
1
145 143 130
1
69 65 40
1
67 63 38
1
142 140 128
1
143 140 131
1
65 63 40
1
65 63 40
1
152 149 140
1
147 145 133
1
62 60 37
1
65 60 40
1
147 145 132
1
156 154 142
1
75 71 46
1
73 69 42
1
151 148 139
1
147 144 135
1
71 67 42
1
70 65 43
1
139 137 125
1
134 132 119
1
67 62 40
1
70 65 43
1
134 132 120
1
119 115 104
1
72 67 47
1
69 64 44
1
133 131 119
1
148 145 136
1
69 64 44
1
76 72 47
1
148 146 133
1
145 143 130
1
75 71 46
1
77 71 45
1
143 141 126
1
146 142 133
1
78 72 48
1
99 93 59
1
148 144 132
1
160 156 145
1
93 87 55
1
91 85 51
1
160 156 144
1
163 160 145
1
97 91 55
1
109 103 67
1
162 159 142
1
170 167 152
1
121 115 81
1
109 103 69
1
168 164 152
1
159 155 143
1
105 99 65
1
121 115 81
1
158 154 142
1
151 147 135
1
103 97 63
1
88 82 48
1
149 145 133
1
153 149 137
1
88 82 48
1
86 80 46
1
146 142 130
1
152 148 137
1
97 91 59
1
104 97 68
1
165 161 150
1
163 159 148
1
92 86 54
1
87 82 50
1
148 144 133
1
159 155 143
1
93 88 56
1
99 94 62
1
164 160 148
1
158 154 142
1
103 98 66
1
104 98 66
1
150 146 135
1
152 148 137
1
100 94 62
1
98 92 60
1
152 148 136
1
156 152 140
1
99 93 61
1
175 173 160
1
110 104 78
1
106 99 71
1
177 175 160
1
172 169 152
1
96 90 56
1
91 82 49
1
153 150 131
1
185 182 175
1
122 116 94
1
105 100 71
1
148 145 130
1
101 95 61
1
159 153 139
1
160 156 144
1
101 96 64
1
97 91 59
1
165 161 150
1
159 155 146
1
95 90 60
1
39 163 153
1
49 132 122
1
60 67 49
1
51 139 127
1
44 169 161
1
46 139 128
1
64 75 58
1
48 149 135
1
49 130 121
1
48 49 33
1
57 44 27
1
65 68 51
1
45 159 149
1
52 85 74
1
48 30 16
1
44 84 75
1
38 164 153
1
49 111 98
1
41 33 22
1
45 110 102
1
41 165 157
1
51 131 122
1
54 58 44
1
45 129 116
1
39 166 157
1
46 148 135
1
56 74 60
1
47 154 146
1
43 169 158
1
46 156 147
1
54 86 73
1
43 161 149
1
46 137 128
1
62 70 55
1
61 48 29
1
64 77 60
1
48 150 139
1
69 86 68
1
70 53 35
1
61 84 68
1
62 163 133
1
68 91 71
1
68 51 33
1
71 100 78
1
64 168 141
1
73 106 85
1
72 57 38
1
68 108 84
1
62 172 145
1
71 113 89
1
67 56 38
1
60 109 88
1
62 175 145
1
65 115 90
1
66 55 37
1
61 119 95
1
61 174 146
1
64 124 99
1
68 63 44
1
60 129 101
1
61 176 145
1
67 135 110
1
72 69 50
1
64 137 117
1
66 180 154
1
67 145 123
1
66 70 53
1
65 144 122
1
65 178 150
1
65 151 122
1
76 84 63
1
65 155 127
1
65 147 124
1
67 74 56
1
71 58 39
1
72 80 59
1
63 159 132
1
67 86 66
1
63 48 29
1
64 87 71
1
78 113 89
1
64 174 145
1
77 117 93
1
77 66 44
1
80 118 93
1
63 170 144
1
76 114 91
1
88 72 47
1
72 114 90
1
65 173 147
1
78 116 91
1
90 74 49
1
73 115 91
1
63 170 142
1
72 111 90
1
75 65 40
1
73 116 89
1
63 166 137
1
80 116 90
1
90 74 49
1
79 117 92
1
62 171 142
1
82 116 91
1
93 77 54
1
75 111 85
1
62 171 142
1
74 113 92
1
79 63 47
1
53 167 134
1
69 117 91
1
80 67 48
1
69 119 94
1
63 175 150
1
72 125 99
1
75 64 42
1
70 122 99
1
65 177 152
1
75 128 102
1
80 69 47
1
79 127 101
1
60 173 143
1
79 127 101
1
79 68 48
1
70 122 99
1
64 177 149
1
73 125 102
1
79 68 48
1
70 122 99
1
66 176 149
1
74 123 101
1
80 69 49
1
73 123 98
1
61 174 146
1
74 124 99
1
75 64 44
1
70 123 97
1
63 177 151
1
71 123 100
1
81 70 48
1
79 127 101
1
66 176 149
1
80 130 103
1
85 73 51
1
71 120 99
1
65 174 143
1
86 132 104
1
95 81 54
1
79 127 103
1
59 171 147
1
76 125 103
1
89 79 54
1
72 125 99
1
62 175 147
1
82 131 102
1
92 82 55
1
75 124 102
1
63 173 144
1
74 124 99
1
83 71 49
1
71 121 96
1
61 171 146
1
69 122 96
1
70 59 39
1
68 120 98
1
49 156 140
1
193 156 50
1
255 154 0
1
196 153 48
1
52 155 136
1
194 162 49
1
254 167 0
1
194 158 48
1
47 148 132
1
194 151 49
1
255 149 1
1
194 153 47
1
46 144 131
1
197 156 50
1
254 165 0
1
192 154 43
1
46 143 126
1
192 155 49
1
254 155 0
1
190 155 51
1
48 151 134
1
192 155 48
1
255 158 1
1
189 161 51
1
46 148 137
1
195 151 56
1
255 154 0
1
189 155 47
1
46 140 126
1
194 158 48
1
254 162 0
1
191 154 47
1
49 147 134
1
191 159 48
1
255 163 0
1
194 162 53
1
48 142 124
1
192 160 49
1
255 163 0
1
190 154 40
1
44 130 117
1
193 168 49
1
255 174 2
1
192 152 41
1
51 148 137
1
192 156 46
1
253 173 2
1
194 160 52
1
45 146 132
1
191 157 49
1
255 158 0
1
194 156 49
1
47 149 135
1
192 162 50
1
255 159 0
1
194 164 54
1
46 145 127
1
192 155 49
1
255 163 0
1
191 160 43
1
45 145 133
1
195 158 54
1
253 152 0
1
192 153 50
1
61 160 129
1
194 153 47
1
255 159 2
1
194 157 50
1
65 162 129
1
197 161 49
1
255 159 2
1
193 156 50
1
63 161 123
1
194 153 45
1
254 155 2
1
194 157 51
1
63 163 129
1
194 157 51
1
255 158 0
1
195 162 49
1
66 167 135
1
197 159 50
1
253 159 1
1
194 161 48
1
61 156 122
1
191 158 43
1
253 154 0
1
197 156 48
1
63 158 126
1
191 152 47
1
255 155 3
1
194 156 45
1
65 159 125
1
193 155 48
1
255 154 0
1
193 159 49
1
64 161 128
1
192 155 49
1
255 153 0
1
194 156 45
1
67 161 135
1
193 161 52
1
254 160 0
1
192 160 49
1
70 166 138
1
194 160 50
1
253 153 0
1
195 161 54
1
66 163 132
1
195 166 49
1
255 163 0
1
194 161 54
1
59 160 126
1
193 163 49
1
253 160 0
1
193 156 49
1
66 163 132
1
193 161 50
1
254 160 0
1
193 154 51
1
65 166 132
1
193 160 55
1
255 157 0
1
193 161 52
1
66 171 140
1
192 164 55
1
254 160 0
1
197 163 53
1
66 163 130
1
192 160 51
1
254 165 1
1
191 159 50
1
67 166 135
1
195 165 55
1
255 158 0
1
192 160 51
1
61 163 126
1
192 162 48
1
255 158 1
1
192 158 50
1
63 164 132
1
191 158 51
1
254 165 0
1
193 164 47
1
67 166 137
1
192 157 57
1
255 161 1
1
191 164 49
1
62 161 130
1
194 157 51
1
252 163 1
1
193 160 53
1
65 165 131
1
191 164 51
1
254 167 0
1
193 161 52
1
64 163 135
1
192 161 55
1
255 159 0
1
190 153 49
1
237 172 70
1
230 226 223
1
228 232 235
1
236 185 119
1
243 154 2
1
239 172 67
1
238 192 117
1
246 150 3
1
244 156 0
1
236 205 161
1
231 214 196
1
241 158 20
1
230 238 241
1
231 216 197
1
237 193 122
1
229 237 240
1
229 222 203
1
246 172 39
1
240 149 0
1
235 192 137
1
234 228 228
1
241 177 69
1
242 158 0
1
235 208 163
1
232 233 235
1
237 184 92
1
244 167 1
1
234 215 185
1
228 234 234
1
236 192 117
1
240 190 101
1
233 233 235
1
231 236 242
1
239 202 132
1
234 203 148
1
230 235 241
1
230 244 245
1
231 235 221
1
242 140 135
1
239 141 138
1
227 236 233
1
228 238 237
1
238 140 137
1
238 143 137
1
229 240 236
1
226 239 232
1
236 143 136
1
239 141 138
1
136 183 177
1
238 245 238
1
240 138 136
1
102 141 136
1
231 242 238
1
229 240 236
1
240 145 139
1
244 142 138
1
83 126 117
1
238 49 19
1
252 76 26
1
191 152 51
1
231 242 238
1
230 241 237
1
239 142 136
1
238 141 135
1
230 241 237
1
230 239 236
1
238 143 137
1
238 143 137
1
228 239 233
1
227 238 234
1
238 139 134
1
239 140 134
1
228 239 235
1
231 242 238
1
238 141 135
1
239 140 135
1
242 159 1
1
223 195 155
1
225 181 120
1
248 158 0
1
231 178 86
1
207 211 210
1
208 208 198
1
237 171 51
1
219 208 202
1
215 204 198
1
226 89 71
1
230 90 73
1
216 201 196
1
213 198 195
1
228 91 73
1
227 90 72
1
211 202 197
1
214 205 200
1
227 92 73
1
223 88 69
1
213 199 196
1
211 197 194
1
225 85 68
1
226 86 69
1
211 207 208
1
222 205 198
1
220 85 66
1
220 79 72
1
212 201 197
1
212 198 195
1
224 83 65
1
221 84 66
1
207 196 192
1
211 196 189
1
225 82 66
1
218 81 63
1
218 203 198
1
210 201 196
1
246 92 84
1
244 87 78
1
211 196 191
1
211 196 189
1
243 87 75
1
245 88 79
1
215 197 195
1
212 198 197
1
238 86 75
1
241 87 77
1
215 202 196
1
211 198 192
1
220 80 63
1
222 82 65
1
206 191 186
1
214 204 195
1
229 96 77
1
225 92 73
1
214 204 195
1
204 189 182
1
221 86 66
1
226 91 71
1
215 202 196
1
211 200 194
1
223 83 66
1
221 84 66
1
231 217 216
1
231 217 214
1
245 97 85
1
246 92 84
1
226 211 206
1
225 209 209
1
245 91 81
1
243 95 83
1
225 211 210
1
223 210 202
1
245 87 78
1
245 91 81
1
222 207 202
1
223 209 206
1
244 88 75
1
245 81 72
1
216 202 199
1
214 199 192
1
242 84 75
1
240 86 76
1
215 197 193
1
217 202 197
1
244 92 81
1
242 85 76
1
215 201 198
1
213 200 194
1
239 85 73
1
243 86 77
1
218 203 196
1
227 214 208
1
245 87 78
1
241 87 75
1
226 211 206
1
226 210 210
1
244 92 81
1
243 94 87
1
226 215 211
1
226 213 205
1
246 95 88
1
248 96 85
1
228 214 211
1
229 215 214
1
246 93 85
1
245 94 87
1
228 212 212
1
230 215 212
1
246 93 87
1
244 93 84
1
223 209 206
1
229 214 209
1
245 91 83
1
245 94 87
1
228 215 209
1
227 212 207
1
246 102 93
1
246 92 82
1
225 211 210
1
230 216 216
1
244 100 89
1
245 107 97
1
232 214 210
1
228 215 209
1
245 90 85
1
245 93 82
1
224 213 209
1
231 217 214
1
246 93 87
1
245 93 82
1
228 212 212
1
228 213 208
1
247 96 87
1
246 93 85
1
231 218 212
1
232 218 215
1
243 99 88
1
249 98 89
1
232 219 213
1
231 214 207
1
243 96 88
1
248 99 93
1
233 219 216
1
230 219 215
1
247 94 88
1
246 98 88
1
226 215 213
1
224 210 207
1
247 96 87
1
245 93 80
1
229 215 214
1
229 215 212
1
245 94 83
1
247 96 89
1
228 213 206
1
227 209 209
1
240 88 75
1
244 93 84
1
243 172 110
1
212 213 215
1
215 206 201
1
249 154 72
1
255 140 34
1
223 200 184
1
229 186 154
1
255 128 5
1
255 126 2
1
235 165 113
1
246 155 76
1
255 134 0
1
236 185 132
1
212 220 223
1
211 212 207
1
245 180 98
1
252 156 54
1
216 204 190
1
225 199 176
1
254 145 26
1
255 141 6
1
233 182 137
1
243 173 104
1
255 138 0
1
248 152 75
1
217 214 209
1
217 198 181
1
255 147 42
1
254 136 13
1
223 185 149
1
229 168 113
1
255 132 0
1
235 161 90
1
191 193 188
1
194 186 175
1
248 145 52
1
255 133 9
1
224 168 119
1
242 158 70
1
255 139 0
1
189 180 171
1
244 160 62
1
243 154 70
1
192 190 178
1
193 188 182
1
236 160 76
1
236 157 80
1
191 193 190
1
208 208 206
1
234 153 90
1
232 161 107
1
207 216 213
1
196 205 202
1
225 159 111
1
221 150 118
1
201 210 209
1
208 218 219
1
221 157 129
1
216 161 131
1
208 216 219
1
233 153 100
1
249 125 3
1
250 108 0
1
225 149 97
1
225 160 106
1
248 106 0
1
249 111 0
1
226 165 120
1
225 170 131
1
249 120 3
1
249 119 0
1
225 177 141
1
223 180 148
1
251 120 2
1
245 113 5
1
214 178 146
1
211 174 148
1
242 112 16
1
244 121 25
1
206 175 154
1
248 150 59
1
199 192 184
1
198 178 153
1
253 136 30
1
255 131 9
1
211 168 126
1
231 165 115
1
255 134 1
1
233 154 95
1
192 196 195
1
201 197 188
1
244 152 65
1
254 148 38
1
208 188 164
1
218 177 145
1
254 134 11
1
216 158 121
1
190 199 194
1
190 196 192
1
229 161 98
1
246 157 73
1
199 199 191
1
206 193 177
1
254 147 49
1
255 139 23
1
214 179 151
1
226 173 121
1
254 130 4
1
230 165 107
1
195 199 202
1
201 201 199
1
241 164 84
1
246 82 73
1
248 88 76
1
233 212 207
1
233 212 209
1
245 85 73
1
246 85 75
1
235 211 209
1
235 212 206
1
246 89 54
1
243 74 67
1
232 217 222
1
241 186 145
1
245 194 131
1
232 248 248
1
234 233 229
1
250 166 93
1
253 142 53
1
237 222 215
1
237 210 193
1
254 132 23
1
254 135 5
1
240 197 162
1
246 180 132
1
254 126 0
1
246 88 76
1
245 73 71
1
237 221 224
1
235 218 211
1
245 81 71
1
246 85 75
1
231 212 208
1
233 212 209
1
246 82 73
1
245 83 72
1
235 216 210
1
236 215 212
1
244 86 75
1
244 80 71
1
235 209 208
1
235 214 211
1
236 238 233
1
249 178 88
1
251 187 115
1
231 235 238
1
230 238 241
1
247 184 130
1
244 190 146
1
229 239 241
1
249 164 97
1
255 138 2
1
255 136 0
1
248 179 120
1
244 185 145
1
255 123 0
1
255 121 3
1
241 196 165
1
238 207 186
1
254 132 21
1
254 136 36
1
236 214 201
1
233 230 223
1
254 150 65
1
248 167 86
1
235 228 222
1
252 156 69
1
233 224 215
1
236 213 195
1
254 135 31
1
254 140 7
1
235 202 171
1
245 188 135
1
255 128 0
1
43 178 161
1
92 169 137
1
222 143 51
1
91 175 139
1
40 174 150
1
91 169 130
1
219 150 47
1
89 170 137
1
43 176 157
1
89 174 143
1
221 139 53
1
88 161 131
1
48 185 165
1
87 166 134
1
221 144 54
1
95 176 143
1
42 174 151
1
90 174 138
1
220 152 55
1
92 169 137
1
38 177 154
1
88 170 134
1
224 140 50
1
89 165 129
1
35 172 146
1
84 164 127
1
217 140 48
1
86 163 127
1
40 173 146
1
86 163 131
1
219 139 52
1
90 172 136
1
228 168 132
1
211 221 220
1
202 202 202
1
233 145 95
1
237 127 52
1
202 187 180
1
211 186 166
1
239 109 21
1
229 147 99
1
205 209 210
1
200 196 187
1
233 128 62
1
242 112 24
1
199 176 160
1
214 169 138
1
247 109 0
1
245 99 0
1
226 162 116
1
231 139 76
1
250 131 1
1
211 187 175
1
244 124 29
1
238 120 30
1
210 188 174
1
202 186 170
1
238 124 36
1
237 124 46
1
212 198 189
1
214 207 197
1
237 125 61
1
238 132 70
1
209 206 199
1
207 203 202
1
233 135 72
1
231 144 77
1
198 201 192
1
197 202 196
1
228 147 91
1
231 151 102
1
199 203 202
1
192 201 198
1
226 158 111
1
225 157 112
1
194 203 200
1
79 163 129
1
109 157 115
1
126 149 107
1
1 172 154
1
39 176 150
1
124 149 109
1
124 157 110
1
40 174 150
1
254 118 0
1
225 128 34
1
97 161 124
1
224 129 37
1
254 106 0
1
223 122 40
1
102 164 127
1
225 124 36
1
43 177 153
1
121 154 107
1
118 150 113
1
48 179 161
1
255 120 2
1
225 126 35
1
96 160 123
1
225 127 36
1
255 114 8
1
228 124 27
1
98 157 113
1
224 128 52
1
156 194 179
1
53 170 143
1
58 170 145
1
162 196 182
1
170 197 188
1
60 170 143
1
63 170 144
1
175 198 188
1
198 134 60
1
68 165 130
1
43 173 149
1
72 167 135
1
200 144 57
1
72 169 138
1
45 175 151
1
71 168 137
1
199 143 60
1
74 170 142
1
51 180 160
1
70 169 140
1
202 141 58
1
68 168 140
1
47 176 154
1
73 167 140
1
62 181 153
1
65 162 131
1
75 93 71
1
72 164 139
1
220 171 131
1
199 209 208
1
197 203 199
1
226 144 96
1
234 140 66
1
204 198 198
1
205 182 168
1
239 121 34
1
242 107 2
1
216 176 150
1
234 170 126
1
247 113 0
1
255 105 0
1
226 144 84
1
123 160 126
1
219 112 32
1
253 116 0
1
229 125 36
1
99 155 116
1
225 121 34
1
255 122 1
1
224 123 31
1
101 159 118
1
230 133 39
1
255 114 0
1
227 128 35
1
99 164 124
1
225 121 34
1
51 168 139
1
146 189 172
1
121 182 164
1
43 162 134
1
255 136 0
1
229 137 36
1
103 161 123
1
219 139 44
1
125 119 93
1
175 172 165
1
154 150 138
1
107 102 70
1
62 166 141
1
190 157 52
1
255 163 0
1
191 163 54
1
67 172 142
1
193 172 55
1
255 168 1
1
194 166 57
1
84 168 134
1
206 171 41
1
209 170 49
1
141 167 102
1
64 167 140
1
191 153 54
1
255 153 2
1
190 155 53
1
61 165 132
1
190 162 52
1
255 161 0
1
190 160 50
1
59 164 131
1
189 161 51
1
254 167 0
1
194 164 52
1
67 170 141
1
195 165 55
1
255 163 2
1
191 160 52
1
42 179 159
1
93 169 143
1
221 137 49
1
90 169 137
1
42 174 150
1
88 167 135
1
220 139 48
1
90 171 138
1
40 177 159
1
87 166 134
1
221 128 48
1
89 170 137
1
44 177 156
1
86 170 136
1
219 142 50
1
89 175 140
1
44 176 155
1
89 176 141
1
220 143 55
1
91 170 139
1
36 170 146
1
85 165 130
1
219 138 49
1
85 162 128
1
42 174 153
1
86 171 132
1
218 145 50
1
87 169 133
1
44 180 158
1
89 170 138
1
219 142 52
1
91 167 139
